,State_Code,District_code,Area_name,Type,Age_grp,Total_Person,Total_Male,Total_Female,Illiterate_Person,Illiterate_Male,Illiterate_Female,Literate_Person,Literate_Male,Literate_Female,Literate but below primary_Person,Literate but below primary_Male,Literate but below primary_Female,Primary but below middle_Person,Primary but below middle_Male,Primary but below middle_Female,Middle but below matric/secondary_Person,Middle but below matric/secondary_Male,Middle but below matric/secondary_Female,Matric/Secondary but below graduate_Person,Matric/Secondary but below graduate_Male,Matric/Secondary but below graduate_Female,Graduate and above_Person,Graduate and above_Male,Graduate and above_Female
6,00,000,INDIA,Total,All ages,1210854977,623270258,587584719,447216165,188506636,258709529,763638812,434763622,328875190,146897597,78445099,68452498,184170833,99311072,84859761,133903266,77629578,56273688,192193344,116331881,75861463,68288971,42120460,26168511
7,00,000,INDIA,Total,0-6,164515253,85752254,78762999,164515253,85752254,78762999,0,0,0,0,0,0,0,0,0,0,0,0,0,0,0,0,0,0
8,00,000,INDIA,Total,7,24826640,12903364,11923276,6748214,3388683,3359531,18078426,9514681,8563745,17517756,9190737,8327019,0,0,0,0,0,0,0,0,0,0,0,0
9,00,000,INDIA,Total,8,26968373,14061937,12906436,4131414,2013742,2117672,22836959,12048195,10788764,22389155,11793414,10595741,0,0,0,0,0,0,0,0,0,0,0,0
10,00,000,INDIA,Total,9,23424638,12214985,11209653,2491904,1198339,1293565,20932734,11016646,9916088,18171490,9579169,8592321,2399511,1231973,1167538,0,0,0,0,0,0,0,0,0
11,00,000,INDIA,Total,10,30552107,16089436,14462671,3454505,1661124,1793381,27097602,14428312,12669290,17762078,9528882,8233196,8861158,4627154,4234004,0,0,0,0,0,0,0,0,0
12,00,000,INDIA,Total,11,24740946,12962604,11778342,1988473,929328,1059145,22752473,12033276,10719197,7836217,4237528,3598689,14544842,7585285,6959557,0,0,0,0,0,0,0,0,0
13,00,000,INDIA,Total,12,27877307,14637892,13239415,2391529,1087320,1304209,25485778,13550572,11935206,4793012,2596541,2196471,17571686,9301648,8270038,2696535,1413978,1282557,0,0,0,0,0,0
14,00,000,INDIA,Total,13,24280683,12563775,11716908,1810476,790923,1019553,22470207,11772852,10697355,2237783,1194584,1043199,13011657,6853656,6158001,6844794,3518523,3326271,0,0,0,0,0,0
15,00,000,INDIA,Total,14,25258169,13165128,12093041,2100785,920460,1180325,23157384,12244668,10912716,1539790,817001,722789,8222860,4387739,3835121,12956804,6800377,6156427,0,0,0,0,0,0
16,00,000,INDIA,Total,15,25899454,13739746,12159708,2599957,1176626,1423331,23299497,12563120,10736377,1325607,722299,603308,5390635,2927513,2463122,10600612,5764655,4835957,5455958,2855043,2600915,0,0,0
17,00,000,INDIA,Total,16,24592293,13027935,11564358,2512487,1110878,1401609,22079806,11917057,10162749,1190288,645759,544529,3965107,2134030,1831077,7107478,3939977,3167501,9253218,4885541,4367677,0,0,0
18,00,000,INDIA,Total,17,21217467,11349449,9868018,2038455,880041,1158414,19179012,10469408,8709604,932441,512329,420112,2905770,1579151,1326619,4319163,2433895,1885268,10472756,5639883,4832873,0,0,0
19,00,000,INDIA,Total,18,27958147,15020851,12937296,3727975,1532188,2195787,24230172,13488663,10741509,1337978,742554,595424,4152873,2287038,1865835,4824720,2763224,2061496,13053864,7219535,5834329,0,0,0
20,00,000,INDIA,Total,19,20859088,10844415,10014673,2578674,935454,1643220,18280414,9908961,8371453,920256,479153,441103,2888656,1507317,1381339,3236136,1783164,1452972,10531272,5766025,4765247,0,0,0
21,00,000,INDIA,Total,20-24,111424222,57584693,53839529,18679492,6467026,12212466,92744730,51117667,41627063,5410189,2791396,2618793,16574003,8704663,7869340,16872720,9533146,7339574,36287019,20694910,15592109,13170028,7029489,6140539
22,00,000,INDIA,Total,25-29,101413965,51344208,50069757,22634440,7562339,15072101,78779525,43781869,34997656,5500554,2737935,2762619,15210359,7884838,7325521,14878622,8527972,6350650,24283160,14164990,10118170,14119774,7903752,6216022
23,00,000,INDIA,Total,30-34,88594951,44660674,43934277,24329560,8030750,16298810,64265391,36629924,27635467,5300109,2612830,2687279,12951372,6703962,6247410,11970932,7032851,4938081,19645021,11993462,7651559,10341988,6112575,4229413
24,00,000,INDIA,Total,35-39,85140684,42919381,42221303,27863127,9338968,18524159,57277557,33580413,23697144,5659501,2856229,2803272,12288099,6434966,5853133,10283749,6201133,4082616,17086577,10922007,6164570,8173370,5121959,3051411
25,00,000,INDIA,Total,40-44,72438112,37545386,34892726,26806872,9655032,17151840,45631240,27890354,17740886,5284019,2833671,2450348,10103182,5521883,4581299,7775277,4895118,2880159,13008751,8693881,4314870,6326586,4202356,2124230
26,00,000,INDIA,Total,45-49,62318327,32138114,30180213,25077763,9015516,16062247,37240564,23122598,14117966,4959760,2749378,2210382,8795402,4933720,3861682,6019029,3858714,2160315,9903233,6716866,3186367,4919451,3395939,1523512
27,00,000,INDIA,Total,50-54,49069254,25843266,23225988,20822208,7801013,13021195,28247046,18042253,10204793,4008855,2284410,1724445,6808270,3971123,2837147,4350307,2885435,1464872,7332358,5108225,2224133,3694020,2628625,1065395
28,00,000,INDIA,Total,55-59,39146055,19456012,19690043,17682081,5705728,11976353,21463974,13750284,7713690,3186098,1764346,1421752,5167170,2972493,2194677,3089459,2058127,1031332,5541272,3953366,1587906,2868480,2120540,747940
29,00,000,INDIA,Total,60-64,37663707,18701749,18961958,19989439,7024725,12964714,17674268,11677024,5997244,3067703,1782876,1284827,4587619,2803327,1784292,2396768,1662081,734687,4133573,3075929,1057644,1973967,1514324,459643
30,00,000,INDIA,Total,65-69,26454983,12944326,13510657,14829607,5145133,9684474,11625376,7799193,3826183,2381245,1430887,950358,3033591,1922936,1110655,1477355,1041615,435740,2557373,1943825,613548,1089553,864263,225290
31,00,000,INDIA,Total,70-74,19208842,9651499,9557343,11568624,4369752,7198872,7640218,5281747,2358471,1726047,1094774,631273,2048788,1368272,680516,887026,646602,240424,1525383,1192867,332516,661941,535931,126010
32,00,000,INDIA,Total,75-79,9232503,4490603,4741900,5361192,1890685,3470507,3871311,2599918,1271393,950043,582371,367672,1020269,655496,364773,427468,301083,126385,744997,575919,169078,327998,268932,59066
33,00,000,INDIA,Total,80+,11289005,5283695,6005310,6890447,2456492,4433955,4398558,2827203,1571355,1061493,643700,417793,1166551,740460,426091,529950,354064,175886,788887,568482,220405,339629,250257,89372
34,00,000,INDIA,Total,Age not stated,4489802,2372881,2116921,1591212,666117,925095,2898590,1706764,1191826,448130,240346,207784,501403,270429,230974,358362,213844,144518,588672,361125,227547,282186,171518,110668
35,00,000,INDIA,Rural,All ages,833748852,427781058,405967794,350955017,146419684,204535333,482793835,281361374,201432461,109643998,59106785,50537213,130265150,71805082,58460068,90343798,53864377,36479421,105238622,66910802,38327820,22339967,15659295,6680672
36,00,000,INDIA,Rural,0-6,121322865,63084449,58238416,121322865,63084449,58238416,0,0,0,0,0,0,0,0,0,0,0,0,0,0,0,0,0,0
37,00,000,INDIA,Rural,7,18149844,9399767,8750077,5295256,2642438,2652818,12854588,6757329,6097259,12458444,6528549,5929895,0,0,0,0,0,0,0,0,0,0,0,0
38,00,000,INDIA,Rural,8,20206981,10497018,9709963,3339350,1613098,1726252,16867631,8883920,7983711,16538691,8697645,7841046,0,0,0,0,0,0,0,0,0,0,0,0
39,00,000,INDIA,Rural,9,17114582,8880402,8234180,1967000,932962,1034038,15147582,7947440,7200142,13264857,6962530,6302327,1623885,838598,785287,0,0,0,0,0,0,0,0,0
40,00,000,INDIA,Rural,10,22687766,11899758,10788008,2745021,1299553,1445468,19942745,10600205,9342540,13495735,7200359,6295376,6102915,3203214,2899701,0,0,0,0,0,0,0,0,0
41,00,000,INDIA,Rural,11,17851313,9319598,8531715,1553637,710896,842741,16297676,8608702,7688974,6058216,3248670,2809546,9975863,5211564,4764299,0,0,0,0,0,0,0,0,0
42,00,000,INDIA,Rural,12,20589319,10781450,9807869,1914468,847445,1067023,18674851,9934005,8740846,3854760,2068456,1786304,12747397,6750227,5997170,1760770,941376,819394,0,0,0,0,0,0
43,00,000,INDIA,Rural,13,17490173,9024384,8465789,1426662,604308,822354,16063511,8420076,7643435,1787562,944703,842859,9570977,5018163,4552814,4432780,2309307,2123473,0,0,0,0,0,0
44,00,000,INDIA,Rural,14,18185923,9462968,8722955,1657852,704596,953256,16528071,8758372,7769699,1234250,647300,586950,6355341,3366476,2988865,8618361,4570751,4047610,0,0,0,0,0,0
45,00,000,INDIA,Rural,15,18593646,9873668,8719978,2074111,915000,1159111,16519535,8958668,7560867,1064691,574114,490577,4257247,2299605,1957642,7479667,4082445,3397222,3328023,1786264,1541759,0,0,0
46,00,000,INDIA,Rural,16,17433799,9253785,8180014,1993626,854089,1139537,15440173,8399696,7040477,938872,505127,433745,3121296,1671179,1450117,5282915,2926273,2356642,5683569,3069484,2614085,0,0,0
47,00,000,INDIA,Rural,17,14448773,7754277,6694496,1584027,654330,929697,12864746,7099947,5764799,708823,385331,323492,2219052,1197714,1021338,3218673,1809760,1408913,6330379,3493247,2837132,0,0,0
48,00,000,INDIA,Rural,18,19559614,10518623,9040991,2984146,1166342,1817804,16575468,9352281,7223187,1047262,572129,475133,3203924,1751961,1451963,3663497,2098836,1564661,8039985,4586961,3453024,0,0,0
49,00,000,INDIA,Rural,19,13866640,7170204,6696436,2041132,691050,1350082,11825508,6479154,5346354,709320,360723,348597,2158955,1111362,1047593,2383557,1308252,1075305,6089420,3444379,2645041,0,0,0
50,00,000,INDIA,Rural,20-24,73835046,38138662,35696384,15077525,4963696,10113829,58757521,33174966,25582555,4228681,2153416,2075265,12282819,6445141,5837678,12131808,6918773,5213035,21672077,12811682,8860395,5470150,3243921,2226229
51,00,000,INDIA,Rural,25-29,66068270,33375989,32692281,18441149,5987783,12453366,47627121,27388206,20238915,4286782,2136666,2150116,10983190,5771904,5211286,10266012,6026580,4239432,13859842,8460006,5399836,5166973,3318985,1847988
52,00,000,INDIA,Rural,30-34,57911779,28934192,28977587,19943020,6464972,13478048,37968759,22469220,15499539,4108307,2045941,2062366,9180932,4864035,4316897,8056075,4898327,3157748,10631054,6886877,3744177,3404574,2357229,1047345
53,00,000,INDIA,Rural,35-39,56062707,28125561,27937146,22680010,7558902,15121108,33382697,20566659,12816038,4315593,2228899,2086694,8448819,4611959,3836860,6722032,4275069,2446963,8919065,6185157,2733908,2564887,1921704,643183
54,00,000,INDIA,Rural,40-44,47581008,24565235,23015773,21789586,7868267,13921319,25791422,16696968,9094454,3965050,2198068,1766982,6757286,3894331,2862955,4859991,3270323,1589668,6381061,4711300,1669761,1851006,1481737,369269
55,00,000,INDIA,Rural,45-49,40688228,20864270,19823958,20311063,7370966,12940097,20377165,13493304,6883861,3642735,2115694,1527041,5722530,3431725,2290805,3588977,2491622,1097355,4487900,3423388,1064512,1291524,1077689,213835
56,00,000,INDIA,Rural,50-54,32031788,16789547,15242241,16907830,6445133,10462697,15123958,10344414,4779544,2907968,1750517,1157451,4398000,2767774,1630226,2552413,1850724,701689,3138577,2486486,652091,860737,737347,123390
57,00,000,INDIA,Rural,55-59,25861514,12536529,13324985,14485919,4739716,9746203,11375595,7796813,3578782,2283225,1348346,934879,3304224,2072099,1232125,1795391,1323961,471430,2341363,1911082,430281,656551,575487,81064
58,00,000,INDIA,Rural,60-64,26291245,12931592,13359653,16517851,5952423,10565428,9773394,6979169,2794225,2198570,1379589,818981,2969255,2009936,959319,1407367,1100696,306671,1758863,1507685,251178,457757,412171,45586
59,00,000,INDIA,Rural,65-69,18916270,9208311,9707959,12332550,4418883,7913667,6583720,4789428,1794292,1703269,1121884,581385,1958334,1397186,561148,867092,691905,175187,1080973,932665,148308,250631,229291,21340
60,00,000,INDIA,Rural,70-74,13807600,6978179,6829421,9543195,3758529,5784666,4264405,3219650,1044755,1203339,846866,356473,1289046,977884,311162,501415,418614,82801,606715,537090,69625,139436,127638,11798
61,00,000,INDIA,Rural,75-79,6383717,3113424,3270293,4353384,1609876,2743508,2030333,1503548,526785,627103,435606,191497,599072,449579,149493,223969,185216,38753,267909,233206,34703,59073,53628,5445
62,00,000,INDIA,Rural,80+,7894990,3765796,4129194,5489140,2071534,3417606,2405850,1694262,711588,695659,478786,216873,698896,505337,193559,295938,220728,75210,316041,245073,70968,75489,59683,15806
63,00,000,INDIA,Rural,Age not stated,2913452,1533420,1380032,1183642,488448,695194,1729810,1044972,684838,316234,170871,145363,335895,186129,149766,235098,144839,90259,305806,198770,107036,91179,62785,28394
64,00,000,INDIA,Urban,All ages,377106125,195489200,181616925,96261148,42086952,54174196,280844977,153402248,127442729,37253599,19338314,17915285,53905683,27505990,26399693,43559468,23765201,19794267,86954722,49421079,37533643,45949004,26461165,19487839
65,00,000,INDIA,Urban,0-6,43192388,22667805,20524583,43192388,22667805,20524583,0,0,0,0,0,0,0,0,0,0,0,0,0,0,0,0,0,0
66,00,000,INDIA,Urban,7,6676796,3503597,3173199,1452958,746245,706713,5223838,2757352,2466486,5059312,2662188,2397124,0,0,0,0,0,0,0,0,0,0,0,0
67,00,000,INDIA,Urban,8,6761392,3564919,3196473,792064,400644,391420,5969328,3164275,2805053,5850464,3095769,2754695,0,0,0,0,0,0,0,0,0,0,0,0
68,00,000,INDIA,Urban,9,6310056,3334583,2975473,524904,265377,259527,5785152,3069206,2715946,4906633,2616639,2289994,775626,393375,382251,0,0,0,0,0,0,0,0,0
69,00,000,INDIA,Urban,10,7864341,4189678,3674663,709484,361571,347913,7154857,3828107,3326750,4266343,2328523,1937820,2758243,1423940,1334303,0,0,0,0,0,0,0,0,0
70,00,000,INDIA,Urban,11,6889633,3643006,3246627,434836,218432,216404,6454797,3424574,3030223,1778001,988858,789143,4568979,2373721,2195258,0,0,0,0,0,0,0,0,0
71,00,000,INDIA,Urban,12,7287988,3856442,3431546,477061,239875,237186,6810927,3616567,3194360,938252,528085,410167,4824289,2551421,2272868,935765,472602,463163,0,0,0,0,0,0
72,00,000,INDIA,Urban,13,6790510,3539391,3251119,383814,186615,197199,6406696,3352776,3053920,450221,249881,200340,3440680,1835493,1605187,2412014,1209216,1202798,0,0,0,0,0,0
73,00,000,INDIA,Urban,14,7072246,3702160,3370086,442933,215864,227069,6629313,3486296,3143017,305540,169701,135839,1867519,1021263,846256,4338443,2229626,2108817,0,0,0,0,0,0
74,00,000,INDIA,Urban,15,7305808,3866078,3439730,525846,261626,264220,6779962,3604452,3175510,260916,148185,112731,1133388,627908,505480,3120945,1682210,1438735,2127935,1068779,1059156,0,0,0
75,00,000,INDIA,Urban,16,7158494,3774150,3384344,518861,256789,262072,6639633,3517361,3122272,251416,140632,110784,843811,462851,380960,1824563,1013704,810859,3569649,1816057,1753592,0,0,0
76,00,000,INDIA,Urban,17,6768694,3595172,3173522,454428,225711,228717,6314266,3369461,2944805,223618,126998,96620,686718,381437,305281,1100490,624135,476355,4142377,2146636,1995741,0,0,0
77,00,000,INDIA,Urban,18,8398533,4502228,3896305,743829,365846,377983,7654704,4136382,3518322,290716,170425,120291,948949,535077,413872,1161223,664388,496835,5013879,2632574,2381305,0,0,0
78,00,000,INDIA,Urban,19,6992448,3674211,3318237,537542,244404,293138,6454906,3429807,3025099,210936,118430,92506,729701,395955,333746,852579,474912,377667,4441852,2321646,2120206,0,0,0
79,00,000,INDIA,Urban,20-24,37589176,19446031,18143145,3601967,1503330,2098637,33987209,17942701,16044508,1181508,637980,543528,4291184,2259522,2031662,4740912,2614373,2126539,14614942,7883228,6731714,7699878,3785568,3914310
80,00,000,INDIA,Urban,25-29,35345695,17968219,17377476,4193291,1574556,2618735,31152404,16393663,14758741,1213772,601269,612503,4227169,2112934,2114235,4612610,2501392,2111218,10423318,5704984,4718334,8952801,4584767,4368034
81,00,000,INDIA,Urban,30-34,30683172,15726482,14956690,4386540,1565778,2820762,26296632,14160704,12135928,1191802,566889,624913,3770440,1839927,1930513,3914857,2134524,1780333,9013967,5106585,3907382,6937414,3755346,3182068
82,00,000,INDIA,Urban,35-39,29077977,14793820,14284157,5183117,1780066,3403051,23894860,13013754,10881106,1343908,627330,716578,3839280,1823007,2016273,3561717,1926064,1635653,8167512,4736850,3430662,5608483,3200255,2408228
83,00,000,INDIA,Urban,40-44,24857104,12980151,11876953,5017286,1786765,3230521,19839818,11193386,8646432,1318969,635603,683366,3345896,1627552,1718344,2915286,1624795,1290491,6627690,3982581,2645109,4475580,2720619,1754961
84,00,000,INDIA,Urban,45-49,21630099,11273844,10356255,4766700,1644550,3122150,16863399,9629294,7234105,1317025,633684,683341,3072872,1501995,1570877,2430052,1367092,1062960,5415333,3293478,2121855,3627927,2318250,1309677
85,00,000,INDIA,Urban,50-54,17037466,9053719,7983747,3914378,1355880,2558498,13123088,7697839,5425249,1100887,533893,566994,2410270,1203349,1206921,1797894,1034711,763183,4193781,2621739,1572042,2833283,1891278,942005
86,00,000,INDIA,Urban,55-59,13284541,6919483,6365058,3196162,966012,2230150,10088379,5953471,4134908,902873,416000,486873,1862946,900394,962552,1294068,734166,559902,3199909,2042284,1157625,2211929,1545053,666876
87,00,000,INDIA,Urban,60-64,11372462,5770157,5602305,3471588,1072302,2399286,7900874,4697855,3203019,869133,403287,465846,1618364,793391,824973,989401,561385,428016,2374710,1568244,806466,1516210,1102153,414057
88,00,000,INDIA,Urban,65-69,7538713,3736015,3802698,2497057,726250,1770807,5041656,3009765,2031891,677976,309003,368973,1075257,525750,549507,610263,349710,260553,1476400,1011160,465240,838922,634972,203950
89,00,000,INDIA,Urban,70-74,5401242,2673320,2727922,2025429,611223,1414206,3375813,2062097,1313716,522708,247908,274800,759742,390388,369354,385611,227988,157623,918668,655777,262891,522505,408293,114212
90,00,000,INDIA,Urban,75-79,2848786,1377179,1471607,1007808,280809,726999,1840978,1096370,744608,322940,146765,176175,421197,205917,215280,203499,115867,87632,477088,342713,134375,268925,215304,53621
91,00,000,INDIA,Urban,80+,3394015,1517899,1876116,1401307,384958,1016349,1992708,1132941,859767,365834,164914,200920,467655,235123,232532,234012,133336,100676,472846,323409,149437,264140,190574,73566
92,00,000,INDIA,Urban,Age not stated,1576350,839461,736889,407570,177669,229901,1168780,661792,506988,131896,69475,62421,165508,84300,81208,123264,69005,54259,282866,162355,120511,191007,108733,82274
93,01,000,State - JAMMU & KASHMIR,Total,All ages,12541302,6640662,5900640,5474069,2375991,3098078,7067233,4264671,2802562,987774,541130,446644,1285909,719512,566397,1666381,1015129,651252,2244013,1443868,800145,653764,401279,252485
94,01,000,State - JAMMU & KASHMIR,Total,0-6,2018905,1084355,934550,2018905,1084355,934550,0,0,0,0,0,0,0,0,0,0,0,0,0,0,0,0,0,0
95,01,000,State - JAMMU & KASHMIR,Total,7,270538,142123,128415,91361,45646,45715,179177,96477,82700,173571,93095,80476,0,0,0,0,0,0,0,0,0,0,0,0
96,01,000,State - JAMMU & KASHMIR,Total,8,285314,150470,134844,59762,28675,31087,225552,121795,103757,221202,119170,102032,0,0,0,0,0,0,0,0,0,0,0,0
97,01,000,State - JAMMU & KASHMIR,Total,9,252100,133371,118729,38753,18136,20617,213347,115235,98112,184326,99450,84876,25468,13603,11865,0,0,0,0,0,0,0,0,0
98,01,000,State - JAMMU & KASHMIR,Total,10,314283,166773,147510,52112,24445,27667,262171,142328,119843,169454,92110,77344,88107,47399,40708,0,0,0,0,0,0,0,0,0
99,01,000,State - JAMMU & KASHMIR,Total,11,282049,149261,132788,34140,15096,19044,247909,134165,113744,79047,43037,36010,165167,88841,76326,0,0,0,0,0,0,0,0,0
100,01,000,State - JAMMU & KASHMIR,Total,12,289798,152365,137433,32002,12876,19126,257796,139489,118307,31534,16983,14551,192027,103528,88499,30766,16845,13921,0,0,0,0,0,0
101,01,000,State - JAMMU & KASHMIR,Total,13,261079,136728,124351,25759,9823,15936,235320,126905,108415,12837,6704,6133,146946,79387,67559,72616,39019,33597,0,0,0,0,0,0
102,01,000,State - JAMMU & KASHMIR,Total,14,266644,139728,126916,26780,9706,17074,239864,130022,109842,6841,3535,3306,83818,45704,38114,146258,79052,67206,0,0,0,0,0,0
103,01,000,State - JAMMU & KASHMIR,Total,15,270992,140502,130490,32536,11447,21089,238456,129055,109401,4942,2539,2403,43164,23142,20022,130422,70604,59818,56930,31024,25906,0,0,0
104,01,000,State - JAMMU & KASHMIR,Total,16,263041,136077,126964,32564,10834,21730,230477,125243,105234,4149,2101,2048,25663,13555,12108,93754,51073,42681,104062,56842,47220,0,0,0
105,01,000,State - JAMMU & KASHMIR,Total,17,221619,115421,106198,26748,8943,17805,194871,106478,88393,3164,1622,1542,16673,9070,7603,57410,31379,26031,115097,62951,52146,0,0,0
106,01,000,State - JAMMU & KASHMIR,Total,18,276216,141830,134386,44924,14734,30190,231292,127096,104196,4220,2177,2043,20154,10823,9331,58666,31782,26884,144458,80187,64271,0,0,0
107,01,000,State - JAMMU & KASHMIR,Total,19,205594,106532,99062,30530,9453,21077,175064,97079,77985,3162,1734,1428,13388,7354,6034,38861,21167,17694,116715,65138,51577,0,0,0
108,01,000,State - JAMMU & KASHMIR,Total,20-24,1160913,603578,557335,236770,74478,162292,924143,529100,395043,15724,8899,6825,79859,43425,36434,206526,114635,91891,463429,275540,187889,135825,73058,62767
109,01,000,State - JAMMU & KASHMIR,Total,25-29,1086122,584559,501563,288543,91443,197100,797579,493116,304463,11823,7002,4821,67557,37803,29754,194441,115669,78772,339633,226694,112939,150764,84212,66552
110,01,000,State - JAMMU & KASHMIR,Total,30-34,926903,495746,431157,306329,99864,206465,620574,395882,224692,11187,6783,4404,64090,36297,27793,167763,107496,60267,251821,169906,81915,98874,58000,40874
111,01,000,State - JAMMU & KASHMIR,Total,35-39,837945,441265,396680,334354,111560,222794,503591,329705,173886,10099,6230,3869,58909,33521,25388,140361,93308,47053,198632,136348,62284,73477,46303,27174
112,01,000,State - JAMMU & KASHMIR,Total,40-44,714085,387739,326346,329222,121203,208019,384863,266536,118327,8815,5692,3123,47421,28149,19272,102847,72814,30033,150036,109445,40591,57241,38268,18973
113,01,000,State - JAMMU & KASHMIR,Total,45-49,590790,311560,279230,302284,110010,192274,288506,201550,86956,7421,4973,2448,41419,25326,16093,77800,57034,20766,102409,74286,28123,45192,30950,14242
114,01,000,State - JAMMU & KASHMIR,Total,50-54,468566,255599,212967,258639,103650,154989,209927,151949,57978,5839,4145,1694,31394,20402,10992,56574,43160,13414,73831,54965,18866,31610,22526,9084
115,01,000,State - JAMMU & KASHMIR,Total,55-59,340031,172753,167278,198533,69481,129052,141498,103272,38226,4192,2850,1342,20914,13423,7491,33754,25583,8171,50892,38835,12057,24270,18154,6116
116,01,000,State - JAMMU & KASHMIR,Total,60-64,322726,173427,149299,215827,91666,124161,106899,81761,25138,4337,3159,1178,19574,13654,5920,24371,19086,5285,34621,27888,6733,16938,13622,3316
117,01,000,State - JAMMU & KASHMIR,Total,65-69,203965,102743,101222,143660,56652,87008,60305,46091,14214,2916,2076,840,11918,8437,3481,13447,10303,3144,18069,14785,3284,9206,7705,1501
118,01,000,State - JAMMU & KASHMIR,Total,70-74,184019,97472,86547,143086,65465,77621,40933,32007,8926,2802,2078,724,9699,7372,2327,8693,6903,1790,10130,8580,1550,5128,4451,677
119,01,000,State - JAMMU & KASHMIR,Total,75-79,85076,43094,41982,65613,28154,37459,19463,14940,4523,1452,1072,380,5001,3722,1279,4164,3208,956,4488,3854,634,2024,1767,257
120,01,000,State - JAMMU & KASHMIR,Total,80+,126870,65844,61026,99121,45534,53587,27749,20310,7439,2010,1511,499,6691,5092,1599,5815,4336,1479,6973,5401,1572,2626,1911,715
121,01,000,State - JAMMU & KASHMIR,Total,Age not stated,15119,9747,5372,5212,2662,2550,9907,7085,2822,708,403,305,888,483,405,1072,673,399,1787,1199,588,589,352,237
122,01,000,State - JAMMU & KASHMIR,Rural,All ages,9108060,4774477,4333583,4360110,1882728,2477382,4747950,2891749,1856201,763590,419327,344263,999472,564510,434962,1243109,770561,472548,1350234,878414,471820,254288,173914,80374
123,01,000,State - JAMMU & KASHMIR,Rural,0-6,1593008,854141,738867,1593008,854141,738867,0,0,0,0,0,0,0,0,0,0,0,0,0,0,0,0,0,0
124,01,000,State - JAMMU & KASHMIR,Rural,7,211924,111149,100775,76025,37793,38232,135899,73356,62543,131780,70847,60933,0,0,0,0,0,0,0,0,0,0,0,0
125,01,000,State - JAMMU & KASHMIR,Rural,8,223830,117665,106165,50309,23949,26360,173521,93716,79805,170321,91788,78533,0,0,0,0,0,0,0,0,0,0,0,0
126,01,000,State - JAMMU & KASHMIR,Rural,9,195583,102930,92653,32247,14797,17450,163336,88133,75203,142152,76710,65442,18678,9891,8787,0,0,0,0,0,0,0,0,0
127,01,000,State - JAMMU & KASHMIR,Rural,10,244857,129213,115644,43350,20001,23349,201507,109212,92295,131027,71040,59987,67258,36274,30984,0,0,0,0,0,0,0,0,0
128,01,000,State - JAMMU & KASHMIR,Rural,11,220044,115820,104224,28579,12356,16223,191465,103464,88001,62379,33759,28620,126422,68113,58309,0,0,0,0,0,0,0,0,0
129,01,000,State - JAMMU & KASHMIR,Rural,12,226066,118391,107675,26979,10469,16510,199087,107922,91165,25328,13501,11827,148849,80611,68238,22474,12383,10091,0,0,0,0,0,0
130,01,000,State - JAMMU & KASHMIR,Rural,13,202068,105405,96663,21785,7983,13802,180283,97422,82861,10372,5348,5024,114247,61838,52409,53595,29014,24581,0,0,0,0,0,0
131,01,000,State - JAMMU & KASHMIR,Rural,14,204201,106682,97519,22412,7740,14672,181789,98942,82847,5660,2889,2771,66466,36235,30231,107586,58638,48948,0,0,0,0,0,0
132,01,000,State - JAMMU & KASHMIR,Rural,15,207140,106785,100355,27512,9120,18392,179628,97665,81963,4056,2047,2009,35159,18728,16431,98952,53783,45169,39297,21899,17398,0,0,0
133,01,000,State - JAMMU & KASHMIR,Rural,16,199394,102617,96777,27651,8689,18962,171743,93928,77815,3398,1665,1733,21115,11050,10065,74308,40567,33741,70893,39485,31408,0,0,0
134,01,000,State - JAMMU & KASHMIR,Rural,17,164377,85481,78896,22380,7027,15353,141997,78454,63543,2509,1257,1252,13709,7359,6350,46893,25683,21210,77089,43138,33951,0,0,0
135,01,000,State - JAMMU & KASHMIR,Rural,18,205879,105200,100679,38087,11790,26297,167792,93410,74382,3262,1670,1592,16461,8763,7698,48360,26345,22015,96985,55156,41829,0,0,0
136,01,000,State - JAMMU & KASHMIR,Rural,19,149318,77015,72303,25462,7386,18076,123856,69629,54227,2292,1245,1047,10819,5785,5034,31687,17347,14340,76987,44093,32894,0,0,0
137,01,000,State - JAMMU & KASHMIR,Rural,20-24,827361,423292,404069,197423,59389,138034,629938,363903,266035,11981,6823,5158,65020,35200,29820,165131,91766,73365,307258,182585,124673,65945,39142,26803
138,01,000,State - JAMMU & KASHMIR,Rural,25-29,738568,385544,353024,236150,72743,163407,502418,312801,189617,9469,5683,3786,54874,30846,24028,150385,90631,59754,203301,132759,70542,66135,41495,24640
139,01,000,State - JAMMU & KASHMIR,Rural,30-34,636137,333062,303075,247765,79317,168448,388372,253745,134627,8952,5575,3377,51776,29737,22039,127854,83728,44126,146123,99209,46914,38909,26142,12767
140,01,000,State - JAMMU & KASHMIR,Rural,35-39,568825,294268,274557,264090,86738,177352,304735,207530,97205,7887,4982,2905,45950,26742,19208,102519,70913,31606,109825,77977,31848,26663,19497,7166
141,01,000,State - JAMMU & KASHMIR,Rural,40-44,483222,256988,226234,260175,94929,165246,223047,162059,60988,6827,4504,2323,35888,21715,14173,71127,52785,18342,78429,60106,18323,20688,16328,4360
142,01,000,State - JAMMU & KASHMIR,Rural,45-49,395959,205036,190923,237511,86146,151365,158448,118890,39558,5699,3940,1759,30778,19296,11482,50311,39234,11077,50128,40040,10088,13818,11464,2354
143,01,000,State - JAMMU & KASHMIR,Rural,50-54,319992,173804,146188,204741,82496,122245,115251,91308,23943,4575,3389,1186,23591,15982,7609,37175,30643,6532,35675,30185,5490,8133,7056,1077
144,01,000,State - JAMMU & KASHMIR,Rural,55-59,227495,114641,112854,153380,54480,98900,74115,60161,13954,3209,2320,889,15312,10602,4710,21462,18154,3308,24546,21567,2979,5455,4925,530
145,01,000,State - JAMMU & KASHMIR,Rural,60-64,226005,121240,104765,169038,73350,95688,56967,47890,9077,3310,2618,692,14126,10687,3439,15067,13190,1877,16286,14962,1324,3960,3710,250
146,01,000,State - JAMMU & KASHMIR,Rural,65-69,140720,70780,69940,110045,44806,65239,30675,25974,4701,2111,1685,426,8147,6614,1533,7564,6633,931,7884,7244,640,2182,2091,91
147,01,000,State - JAMMU & KASHMIR,Rural,70-74,132084,70777,61307,111093,52813,58280,20991,17964,3027,2025,1685,340,6539,5604,935,4656,4252,404,3938,3638,300,1105,1054,51
148,01,000,State - JAMMU & KASHMIR,Rural,75-79,58918,29980,28938,49776,22280,27496,9142,7700,1442,997,831,166,3090,2664,426,1898,1733,165,1427,1308,119,341,312,29
149,01,000,State - JAMMU & KASHMIR,Rural,80+,94242,49712,44530,79064,37929,41135,15178,11783,3395,1458,1213,245,4475,3780,695,3262,2605,657,3028,2311,717,666,498,168
150,01,000,State - JAMMU & KASHMIR,Rural,Age not stated,10843,6859,3984,4073,2071,2002,6770,4788,1982,554,313,241,723,394,329,843,534,309,1135,752,383,288,200,88
151,01,000,State - JAMMU & KASHMIR,Urban,All ages,3433242,1866185,1567057,1113959,493263,620696,2319283,1372922,946361,224184,121803,102381,286437,155002,131435,423272,244568,178704,893779,565454,328325,399476,227365,172111
152,01,000,State - JAMMU & KASHMIR,Urban,0-6,425897,230214,195683,425897,230214,195683,0,0,0,0,0,0,0,0,0,0,0,0,0,0,0,0,0,0
153,01,000,State - JAMMU & KASHMIR,Urban,7,58614,30974,27640,15336,7853,7483,43278,23121,20157,41791,22248,19543,0,0,0,0,0,0,0,0,0,0,0,0
154,01,000,State - JAMMU & KASHMIR,Urban,8,61484,32805,28679,9453,4726,4727,52031,28079,23952,50881,27382,23499,0,0,0,0,0,0,0,0,0,0,0,0
155,01,000,State - JAMMU & KASHMIR,Urban,9,56517,30441,26076,6506,3339,3167,50011,27102,22909,42174,22740,19434,6790,3712,3078,0,0,0,0,0,0,0,0,0
156,01,000,State - JAMMU & KASHMIR,Urban,10,69426,37560,31866,8762,4444,4318,60664,33116,27548,38427,21070,17357,20849,11125,9724,0,0,0,0,0,0,0,0,0
157,01,000,State - JAMMU & KASHMIR,Urban,11,62005,33441,28564,5561,2740,2821,56444,30701,25743,16668,9278,7390,38745,20728,18017,0,0,0,0,0,0,0,0,0
158,01,000,State - JAMMU & KASHMIR,Urban,12,63732,33974,29758,5023,2407,2616,58709,31567,27142,6206,3482,2724,43178,22917,20261,8292,4462,3830,0,0,0,0,0,0
159,01,000,State - JAMMU & KASHMIR,Urban,13,59011,31323,27688,3974,1840,2134,55037,29483,25554,2465,1356,1109,32699,17549,15150,19021,10005,9016,0,0,0,0,0,0
160,01,000,State - JAMMU & KASHMIR,Urban,14,62443,33046,29397,4368,1966,2402,58075,31080,26995,1181,646,535,17352,9469,7883,38672,20414,18258,0,0,0,0,0,0
161,01,000,State - JAMMU & KASHMIR,Urban,15,63852,33717,30135,5024,2327,2697,58828,31390,27438,886,492,394,8005,4414,3591,31470,16821,14649,17633,9125,8508,0,0,0
162,01,000,State - JAMMU & KASHMIR,Urban,16,63647,33460,30187,4913,2145,2768,58734,31315,27419,751,436,315,4548,2505,2043,19446,10506,8940,33169,17357,15812,0,0,0
163,01,000,State - JAMMU & KASHMIR,Urban,17,57242,29940,27302,4368,1916,2452,52874,28024,24850,655,365,290,2964,1711,1253,10517,5696,4821,38008,19813,18195,0,0,0
164,01,000,State - JAMMU & KASHMIR,Urban,18,70337,36630,33707,6837,2944,3893,63500,33686,29814,958,507,451,3693,2060,1633,10306,5437,4869,47473,25031,22442,0,0,0
165,01,000,State - JAMMU & KASHMIR,Urban,19,56276,29517,26759,5068,2067,3001,51208,27450,23758,870,489,381,2569,1569,1000,7174,3820,3354,39728,21045,18683,0,0,0
166,01,000,State - JAMMU & KASHMIR,Urban,20-24,333552,180286,153266,39347,15089,24258,294205,165197,129008,3743,2076,1667,14839,8225,6614,41395,22869,18526,156171,92955,63216,69880,33916,35964
167,01,000,State - JAMMU & KASHMIR,Urban,25-29,347554,199015,148539,52393,18700,33693,295161,180315,114846,2354,1319,1035,12683,6957,5726,44056,25038,19018,136332,93935,42397,84629,42717,41912
168,01,000,State - JAMMU & KASHMIR,Urban,30-34,290766,162684,128082,58564,20547,38017,232202,142137,90065,2235,1208,1027,12314,6560,5754,39909,23768,16141,105698,70697,35001,59965,31858,28107
169,01,000,State - JAMMU & KASHMIR,Urban,35-39,269120,146997,122123,70264,24822,45442,198856,122175,76681,2212,1248,964,12959,6779,6180,37842,22395,15447,88807,58371,30436,46814,26806,20008
170,01,000,State - JAMMU & KASHMIR,Urban,40-44,230863,130751,100112,69047,26274,42773,161816,104477,57339,1988,1188,800,11533,6434,5099,31720,20029,11691,71607,49339,22268,36553,21940,14613
171,01,000,State - JAMMU & KASHMIR,Urban,45-49,194831,106524,88307,64773,23864,40909,130058,82660,47398,1722,1033,689,10641,6030,4611,27489,17800,9689,52281,34246,18035,31374,19486,11888
172,01,000,State - JAMMU & KASHMIR,Urban,50-54,148574,81795,66779,53898,21154,32744,94676,60641,34035,1264,756,508,7803,4420,3383,19399,12517,6882,38156,24780,13376,23477,15470,8007
173,01,000,State - JAMMU & KASHMIR,Urban,55-59,112536,58112,54424,45153,15001,30152,67383,43111,24272,983,530,453,5602,2821,2781,12292,7429,4863,26346,17268,9078,18815,13229,5586
174,01,000,State - JAMMU & KASHMIR,Urban,60-64,96721,52187,44534,46789,18316,28473,49932,33871,16061,1027,541,486,5448,2967,2481,9304,5896,3408,18335,12926,5409,12978,9912,3066
175,01,000,State - JAMMU & KASHMIR,Urban,65-69,63245,31963,31282,33615,11846,21769,29630,20117,9513,805,391,414,3771,1823,1948,5883,3670,2213,10185,7541,2644,7024,5614,1410
176,01,000,State - JAMMU & KASHMIR,Urban,70-74,51935,26695,25240,31993,12652,19341,19942,14043,5899,777,393,384,3160,1768,1392,4037,2651,1386,6192,4942,1250,4023,3397,626
177,01,000,State - JAMMU & KASHMIR,Urban,75-79,26158,13114,13044,15837,5874,9963,10321,7240,3081,455,241,214,1911,1058,853,2266,1475,791,3061,2546,515,1683,1455,228
178,01,000,State - JAMMU & KASHMIR,Urban,80+,32628,16132,16496,20057,7605,12452,12571,8527,4044,552,298,254,2216,1312,904,2553,1731,822,3945,3090,855,1960,1413,547
179,01,000,State - JAMMU & KASHMIR,Urban,Age not stated,4276,2888,1388,1139,591,548,3137,2297,840,154,90,64,165,89,76,229,139,90,652,447,205,301,152,149
180,02,000,State - HIMACHAL PRADESH,Total,All ages,6864602,3481873,3382729,1824866,729283,1095583,5039736,2752590,2287146,611475,326058,285417,1162995,576764,586231,826611,452919,373692,1852386,1076380,776006,446609,251164,195445
181,02,000,State - HIMACHAL PRADESH,Total,0-6,777898,407459,370439,777898,407459,370439,0,0,0,0,0,0,0,0,0,0,0,0,0,0,0,0,0,0
182,02,000,State - HIMACHAL PRADESH,Total,7,122039,63842,58197,19485,10007,9478,102554,53835,48719,101020,52985,48035,0,0,0,0,0,0,0,0,0,0,0,0
183,02,000,State - HIMACHAL PRADESH,Total,8,117124,61593,55531,6140,2983,3157,110984,58610,52374,110131,58142,51989,0,0,0,0,0,0,0,0,0,0,0,0
184,02,000,State - HIMACHAL PRADESH,Total,9,119100,63574,55526,4563,2289,2274,114537,61285,53252,100542,53977,46565,13124,6825,6299,0,0,0,0,0,0,0,0,0
185,02,000,State - HIMACHAL PRADESH,Total,10,134596,71647,62949,6175,3127,3048,128421,68520,59901,69575,37525,32050,57898,30474,27424,0,0,0,0,0,0,0,0,0
186,02,000,State - HIMACHAL PRADESH,Total,11,127447,67693,59754,3658,1781,1877,123789,65912,57877,23509,12803,10706,99379,52629,46750,0,0,0,0,0,0,0,0,0
187,02,000,State - HIMACHAL PRADESH,Total,12,125830,66799,59031,2750,1278,1472,123080,65521,57559,7732,4160,3572,103600,55211,48389,10936,5689,5247,0,0,0,0,0,0
188,02,000,State - HIMACHAL PRADESH,Total,13,124125,65336,58789,2508,1143,1365,121617,64193,57424,3309,1771,1538,75324,40257,35067,42201,21731,20470,0,0,0,0,0,0
189,02,000,State - HIMACHAL PRADESH,Total,14,127226,66765,60461,2669,1239,1430,124557,65526,59031,1943,1024,919,38639,20751,17888,83181,43321,39860,0,0,0,0,0,0
190,02,000,State - HIMACHAL PRADESH,Total,15,127378,67225,60153,3264,1550,1714,124114,65675,58439,1703,931,772,20101,10999,9102,72290,38418,33872,29044,14800,14244,0,0,0
191,02,000,State - HIMACHAL PRADESH,Total,16,126410,66658,59752,3032,1495,1537,123378,65163,58215,1509,846,663,13576,7338,6238,43610,23489,20121,63640,32942,30698,0,0,0
192,02,000,State - HIMACHAL PRADESH,Total,17,124585,65721,58864,2869,1386,1483,121716,64335,57381,1530,888,642,11038,5957,5081,25145,13865,11280,82781,42962,39819,0,0,0
193,02,000,State - HIMACHAL PRADESH,Total,18,136759,72265,64494,4513,2212,2301,132246,70053,62193,2137,1280,857,12708,6995,5713,18492,10292,8200,97092,50431,46661,0,0,0
194,02,000,State - HIMACHAL PRADESH,Total,19,125329,64860,60469,3873,1759,2114,121456,63101,58355,1790,1002,788,11500,6140,5360,13422,7349,6073,92706,47486,45220,0,0,0
195,02,000,State - HIMACHAL PRADESH,Total,20-24,643866,323720,320146,28529,11258,17271,615337,312462,302875,11032,6014,5018,66951,34178,32773,66646,34568,32078,371962,194775,177187,83115,34713,48402
196,02,000,State - HIMACHAL PRADESH,Total,25-29,589160,290125,299035,40021,13333,26688,549139,276792,272347,13680,6873,6807,70156,33633,36523,70923,35139,35784,270685,142340,128345,106195,50093,56102
197,02,000,State - HIMACHAL PRADESH,Total,30-34,546357,271253,275104,51795,15364,36431,494562,255889,238673,16803,7991,8812,78653,35230,43423,71767,34593,37174,233053,127422,105631,78626,43008,35618
198,02,000,State - HIMACHAL PRADESH,Total,35-39,517966,258230,259736,72406,19713,52693,445560,238517,207043,19995,9509,10486,95696,41859,53837,78871,38192,40679,182748,109302,73446,53702,32578,21124
199,02,000,State - HIMACHAL PRADESH,Total,40-44,445560,222269,223291,90138,23893,66245,355422,198376,157046,21796,10588,11208,93465,39960,53505,64615,34904,29711,128250,83836,44414,35118,23318,11800
200,02,000,State - HIMACHAL PRADESH,Total,45-49,395128,197642,197486,99623,27313,72310,295505,170329,125176,23648,11957,11691,90117,39065,51052,51239,30012,21227,92903,65688,27215,26647,18528,8119
201,02,000,State - HIMACHAL PRADESH,Total,50-54,330687,165724,164963,99297,26490,72807,231390,139234,92156,20198,10255,9943,71720,31482,40238,39061,25272,13789,71195,53604,17591,20082,14391,5691
202,02,000,State - HIMACHAL PRADESH,Total,55-59,266860,135245,131615,91548,23733,67815,175312,111512,63800,15992,8201,7791,53501,25065,28436,27778,19368,8410,53390,42074,11316,17127,13215,3912
203,02,000,State - HIMACHAL PRADESH,Total,60-64,231372,115464,115908,107143,29883,77260,124229,85581,38648,13883,8032,5851,36229,20016,16213,19143,14768,4375,36105,29643,6462,12150,9916,2234
204,02,000,State - HIMACHAL PRADESH,Total,65-69,158607,78387,80220,84556,24623,59933,74051,53764,20287,9429,5985,3444,20558,12909,7649,11807,9419,2388,21277,17825,3452,6412,5367,1045
205,02,000,State - HIMACHAL PRADESH,Total,70-74,130587,62119,68468,82500,26159,56341,48087,35960,12127,7632,5259,2373,13278,8973,4305,7255,6016,1239,12285,10639,1646,3710,3140,570
206,02,000,State - HIMACHAL PRADESH,Total,75-79,75706,36440,39266,50810,17460,33350,24896,18980,5916,4406,3217,1189,6961,4773,2188,3745,3139,606,5778,5186,592,1700,1484,216
207,02,000,State - HIMACHAL PRADESH,Total,80+,106737,48465,58272,80159,29017,51142,26578,19448,7130,5586,4307,1279,7538,5394,2144,3587,2898,689,5051,4037,1014,1402,1073,329
208,02,000,State - HIMACHAL PRADESH,Total,Age not stated,10163,5353,4810,2944,1336,1608,7219,4017,3202,965,536,429,1285,651,634,897,477,420,2441,1388,1053,623,340,283
209,02,000,State - HIMACHAL PRADESH,Rural,All ages,6176050,3110345,3065705,1704314,672524,1031790,4471736,2437821,2033915,559188,297122,262066,1081117,532805,548312,755572,412688,342884,1632461,951146,681315,315940,181122,134818
210,02,000,State - HIMACHAL PRADESH,Rural,0-6,712822,372854,339968,712822,372854,339968,0,0,0,0,0,0,0,0,0,0,0,0,0,0,0,0,0,0
211,02,000,State - HIMACHAL PRADESH,Rural,7,111185,58014,53171,17698,9081,8617,93487,48933,44554,92130,48180,43950,0,0,0,0,0,0,0,0,0,0,0,0
212,02,000,State - HIMACHAL PRADESH,Rural,8,106293,55716,50577,5540,2682,2858,100753,53034,47719,99988,52607,47381,0,0,0,0,0,0,0,0,0,0,0,0
213,02,000,State - HIMACHAL PRADESH,Rural,9,108190,57600,50590,4093,2039,2054,104097,55561,48536,91191,48831,42360,12138,6306,5832,0,0,0,0,0,0,0,0,0
214,02,000,State - HIMACHAL PRADESH,Rural,10,122334,64852,57482,5524,2771,2753,116810,62081,54729,62209,33407,28802,53762,28206,25556,0,0,0,0,0,0,0,0,0
215,02,000,State - HIMACHAL PRADESH,Rural,11,115507,61000,54507,3253,1571,1682,112254,59429,52825,20868,11253,9615,90580,47743,42837,0,0,0,0,0,0,0,0,0
216,02,000,State - HIMACHAL PRADESH,Rural,12,114237,60324,53913,2414,1099,1315,111823,59225,52598,6869,3654,3215,94238,49996,44242,9961,5151,4810,0,0,0,0,0,0
217,02,000,State - HIMACHAL PRADESH,Rural,13,112678,59005,53673,2207,992,1215,110471,58013,52458,2896,1533,1363,68341,36276,32065,38509,19810,18699,0,0,0,0,0,0
218,02,000,State - HIMACHAL PRADESH,Rural,14,115509,60319,55190,2363,1085,1278,113146,59234,53912,1699,881,818,35405,18850,16555,75307,39105,36202,0,0,0,0,0,0
219,02,000,State - HIMACHAL PRADESH,Rural,15,115114,60443,54671,2840,1325,1515,112274,59118,53156,1483,788,695,18699,10162,8537,65245,34490,30755,25956,13206,12750,0,0,0
220,02,000,State - HIMACHAL PRADESH,Rural,16,114081,59746,54335,2621,1248,1373,111460,58498,52962,1355,740,615,12668,6742,5926,39900,21323,18577,56581,29201,27380,0,0,0
221,02,000,State - HIMACHAL PRADESH,Rural,17,112339,59015,53324,2538,1173,1365,109801,57842,51959,1365,767,598,10291,5458,4833,23450,12827,10623,73575,38196,35379,0,0,0
222,02,000,State - HIMACHAL PRADESH,Rural,18,122520,64005,58515,3870,1790,2080,118650,62215,56435,1867,1073,794,11724,6254,5470,17021,9316,7705,86409,44653,41756,0,0,0
223,02,000,State - HIMACHAL PRADESH,Rural,19,111937,57345,54592,3334,1416,1918,108603,55929,52674,1570,829,741,10612,5497,5115,12380,6629,5751,82187,41981,40206,0,0,0
224,02,000,State - HIMACHAL PRADESH,Rural,20-24,573439,285167,288272,24885,9331,15554,548554,275836,272718,9841,5176,4665,62148,30982,31166,61078,30861,30217,335784,174144,161640,65501,27286,38215
225,02,000,State - HIMACHAL PRADESH,Rural,25-29,523605,255016,268589,35904,11407,24497,487701,243609,244092,12548,6149,6399,65504,30808,34696,64978,31465,33513,246149,127923,118226,82708,39462,43246
226,02,000,State - HIMACHAL PRADESH,Rural,30-34,485375,239272,246103,47578,13550,34028,437797,225722,212075,15639,7321,8318,73989,32670,41319,66113,31189,34924,209373,114342,95031,58376,33264,25112
227,02,000,State - HIMACHAL PRADESH,Rural,35-39,459275,227906,231369,67510,17684,49826,391765,210222,181543,18702,8822,9880,90273,39252,51021,72964,35091,37873,160123,96990,63133,36522,23662,12860
228,02,000,State - HIMACHAL PRADESH,Rural,40-44,394635,195137,199498,85234,21940,63294,309401,173197,136204,20557,9911,10646,88223,37512,50711,59463,32212,27251,108689,72815,35874,21413,15532,5881
229,02,000,State - HIMACHAL PRADESH,Rural,45-49,350793,173489,177304,94833,25491,69342,255960,147998,107962,22365,11275,11090,85011,36709,48302,46678,27613,19065,76837,56334,20503,15047,11448,3599
230,02,000,State - HIMACHAL PRADESH,Rural,50-54,295411,145792,149619,95204,25000,70204,200207,120792,79415,19216,9745,9471,67757,29659,38098,35618,23349,12269,58553,45779,12774,10742,8407,2335
231,02,000,State - HIMACHAL PRADESH,Rural,55-59,240093,119998,120095,88098,22614,65484,151995,97384,54611,15287,7868,7419,50481,23692,26789,25324,18032,7292,44288,36448,7840,9684,8049,1635
232,02,000,State - HIMACHAL PRADESH,Rural,60-64,212263,105331,106932,103477,28787,74690,108786,76544,32242,13265,7741,5524,34082,19082,15000,17447,13862,3585,30086,26113,3973,7635,6744,891
233,02,000,State - HIMACHAL PRADESH,Rural,65-69,146096,71950,74146,81753,23846,57907,64343,48104,16239,8951,5784,3167,19073,12309,6764,10660,8878,1782,17396,15410,1986,4003,3605,398
234,02,000,State - HIMACHAL PRADESH,Rural,70-74,120932,57250,63682,79621,25348,54273,41311,31902,9409,7191,5075,2116,12126,8530,3596,6412,5607,805,9795,8933,862,2125,1935,190
235,02,000,State - HIMACHAL PRADESH,Rural,75-79,69958,33561,36397,48919,16935,31984,21039,16626,4413,4092,3090,1002,6143,4475,1668,3200,2871,329,4542,4237,305,910,842,68
236,02,000,State - HIMACHAL PRADESH,Rural,80+,100043,45339,54704,77356,28192,49164,22687,17147,5540,5142,4118,1024,6626,5014,1612,3037,2577,460,3921,3195,726,780,612,168
237,02,000,State - HIMACHAL PRADESH,Rural,Age not stated,9386,4899,4487,2825,1273,1552,6561,3626,2935,902,504,398,1223,621,602,827,430,397,2217,1246,971,494,274,220
238,02,000,State - HIMACHAL PRADESH,Urban,All ages,688552,371528,317024,120552,56759,63793,568000,314769,253231,52287,28936,23351,81878,43959,37919,71039,40231,30808,219925,125234,94691,130669,70042,60627
239,02,000,State - HIMACHAL PRADESH,Urban,0-6,65076,34605,30471,65076,34605,30471,0,0,0,0,0,0,0,0,0,0,0,0,0,0,0,0,0,0
240,02,000,State - HIMACHAL PRADESH,Urban,7,10854,5828,5026,1787,926,861,9067,4902,4165,8890,4805,4085,0,0,0,0,0,0,0,0,0,0,0,0
241,02,000,State - HIMACHAL PRADESH,Urban,8,10831,5877,4954,600,301,299,10231,5576,4655,10143,5535,4608,0,0,0,0,0,0,0,0,0,0,0,0
242,02,000,State - HIMACHAL PRADESH,Urban,9,10910,5974,4936,470,250,220,10440,5724,4716,9351,5146,4205,986,519,467,0,0,0,0,0,0,0,0,0
243,02,000,State - HIMACHAL PRADESH,Urban,10,12262,6795,5467,651,356,295,11611,6439,5172,7366,4118,3248,4136,2268,1868,0,0,0,0,0,0,0,0,0
244,02,000,State - HIMACHAL PRADESH,Urban,11,11940,6693,5247,405,210,195,11535,6483,5052,2641,1550,1091,8799,4886,3913,0,0,0,0,0,0,0,0,0
245,02,000,State - HIMACHAL PRADESH,Urban,12,11593,6475,5118,336,179,157,11257,6296,4961,863,506,357,9362,5215,4147,975,538,437,0,0,0,0,0,0
246,02,000,State - HIMACHAL PRADESH,Urban,13,11447,6331,5116,301,151,150,11146,6180,4966,413,238,175,6983,3981,3002,3692,1921,1771,0,0,0,0,0,0
247,02,000,State - HIMACHAL PRADESH,Urban,14,11717,6446,5271,306,154,152,11411,6292,5119,244,143,101,3234,1901,1333,7874,4216,3658,0,0,0,0,0,0
248,02,000,State - HIMACHAL PRADESH,Urban,15,12264,6782,5482,424,225,199,11840,6557,5283,220,143,77,1402,837,565,7045,3928,3117,3088,1594,1494,0,0,0
249,02,000,State - HIMACHAL PRADESH,Urban,16,12329,6912,5417,411,247,164,11918,6665,5253,154,106,48,908,596,312,3710,2166,1544,7059,3741,3318,0,0,0
250,02,000,State - HIMACHAL PRADESH,Urban,17,12246,6706,5540,331,213,118,11915,6493,5422,165,121,44,747,499,248,1695,1038,657,9206,4766,4440,0,0,0
251,02,000,State - HIMACHAL PRADESH,Urban,18,14239,8260,5979,643,422,221,13596,7838,5758,270,207,63,984,741,243,1471,976,495,10683,5778,4905,0,0,0
252,02,000,State - HIMACHAL PRADESH,Urban,19,13392,7515,5877,539,343,196,12853,7172,5681,220,173,47,888,643,245,1042,720,322,10519,5505,5014,0,0,0
253,02,000,State - HIMACHAL PRADESH,Urban,20-24,70427,38553,31874,3644,1927,1717,66783,36626,30157,1191,838,353,4803,3196,1607,5568,3707,1861,36178,20631,15547,17614,7427,10187
254,02,000,State - HIMACHAL PRADESH,Urban,25-29,65555,35109,30446,4117,1926,2191,61438,33183,28255,1132,724,408,4652,2825,1827,5945,3674,2271,24536,14417,10119,23487,10631,12856
255,02,000,State - HIMACHAL PRADESH,Urban,30-34,60982,31981,29001,4217,1814,2403,56765,30167,26598,1164,670,494,4664,2560,2104,5654,3404,2250,23680,13080,10600,20250,9744,10506
256,02,000,State - HIMACHAL PRADESH,Urban,35-39,58691,30324,28367,4896,2029,2867,53795,28295,25500,1293,687,606,5423,2607,2816,5907,3101,2806,22625,12312,10313,17180,8916,8264
257,02,000,State - HIMACHAL PRADESH,Urban,40-44,50925,27132,23793,4904,1953,2951,46021,25179,20842,1239,677,562,5242,2448,2794,5152,2692,2460,19561,11021,8540,13705,7786,5919
258,02,000,State - HIMACHAL PRADESH,Urban,45-49,44335,24153,20182,4790,1822,2968,39545,22331,17214,1283,682,601,5106,2356,2750,4561,2399,2162,16066,9354,6712,11600,7080,4520
259,02,000,State - HIMACHAL PRADESH,Urban,50-54,35276,19932,15344,4093,1490,2603,31183,18442,12741,982,510,472,3963,1823,2140,3443,1923,1520,12642,7825,4817,9340,5984,3356
260,02,000,State - HIMACHAL PRADESH,Urban,55-59,26767,15247,11520,3450,1119,2331,23317,14128,9189,705,333,372,3020,1373,1647,2454,1336,1118,9102,5626,3476,7443,5166,2277
261,02,000,State - HIMACHAL PRADESH,Urban,60-64,19109,10133,8976,3666,1096,2570,15443,9037,6406,618,291,327,2147,934,1213,1696,906,790,6019,3530,2489,4515,3172,1343
262,02,000,State - HIMACHAL PRADESH,Urban,65-69,12511,6437,6074,2803,777,2026,9708,5660,4048,478,201,277,1485,600,885,1147,541,606,3881,2415,1466,2409,1762,647
263,02,000,State - HIMACHAL PRADESH,Urban,70-74,9655,4869,4786,2879,811,2068,6776,4058,2718,441,184,257,1152,443,709,843,409,434,2490,1706,784,1585,1205,380
264,02,000,State - HIMACHAL PRADESH,Urban,75-79,5748,2879,2869,1891,525,1366,3857,2354,1503,314,127,187,818,298,520,545,268,277,1236,949,287,790,642,148
265,02,000,State - HIMACHAL PRADESH,Urban,80+,6694,3126,3568,2803,825,1978,3891,2301,1590,444,189,255,912,380,532,550,321,229,1130,842,288,622,461,161
266,02,000,State - HIMACHAL PRADESH,Urban,Age not stated,777,454,323,119,63,56,658,391,267,63,32,31,62,30,32,70,47,23,224,142,82,129,66,63
267,03,000,State - PUNJAB,Total,All ages,27743338,14639465,13103873,9036201,4203409,4832792,18707137,10436056,8271081,2227684,1273936,953748,4288200,2273540,2014660,3066305,1747063,1319242,6755536,3945160,2810376,1760846,873776,887070
268,03,000,State - PUNJAB,Total,0-6,3076219,1665994,1410225,3076219,1665994,1410225,0,0,0,0,0,0,0,0,0,0,0,0,0,0,0,0,0,0
269,03,000,State - PUNJAB,Total,7,483280,262427,220853,108413,57896,50517,374867,204531,170336,361448,196661,164787,0,0,0,0,0,0,0,0,0,0,0,0
270,03,000,State - PUNJAB,Total,8,479447,263834,215613,56985,30352,26633,422462,233482,188980,414174,228697,185477,0,0,0,0,0,0,0,0,0,0,0,0
271,03,000,State - PUNJAB,Total,9,462602,259383,203219,38855,20650,18205,423747,238733,185014,383886,217609,166277,33488,17417,16071,0,0,0,0,0,0,0,0,0
272,03,000,State - PUNJAB,Total,10,537024,303757,233267,48054,25701,22353,488970,278056,210914,352058,204901,147157,129539,68822,60717,0,0,0,0,0,0,0,0,0
273,03,000,State - PUNJAB,Total,11,488177,274903,213274,31502,16704,14798,456675,258199,198476,177963,106512,71451,272914,148269,124645,0,0,0,0,0,0,0,0,0
274,03,000,State - PUNJAB,Total,12,516955,289167,227788,35130,18591,16539,481825,270576,211249,87038,52414,34624,353745,196653,157092,35343,18147,17196,0,0,0,0,0,0
275,03,000,State - PUNJAB,Total,13,510841,283488,227353,31961,16436,15525,478880,267052,211828,40498,23901,16597,320774,182906,137868,112168,57072,55096,0,0,0,0,0,0
276,03,000,State - PUNJAB,Total,14,530405,294215,236190,36153,18874,17279,494252,275341,218911,23149,13593,9556,213065,125777,87288,251958,132488,119470,0,0,0,0,0,0
277,03,000,State - PUNJAB,Total,15,555725,309954,245771,46593,25232,21361,509132,284722,224410,17312,10113,7199,134475,79996,54479,256084,143150,112934,94194,47261,46933,0,0,0
278,03,000,State - PUNJAB,Total,16,562167,311992,250175,45976,24869,21107,516191,287123,229068,13919,8225,5694,98857,57417,41440,182963,107535,75428,212844,109521,103323,0,0,0
279,03,000,State - PUNJAB,Total,17,536919,299464,237455,41034,22766,18268,495885,276698,219187,10824,6531,4293,79364,46536,32828,108444,65455,42989,289107,153330,135777,0,0,0
280,03,000,State - PUNJAB,Total,18,631613,355581,276032,63835,35720,28115,567778,319861,247917,13203,8403,4800,93940,55950,37990,91853,55278,36575,357123,193326,163797,0,0,0
281,03,000,State - PUNJAB,Total,19,531259,293189,238070,46254,24513,21741,485005,268676,216329,9402,5954,3448,71448,42450,28998,64504,37321,27183,328964,176784,152180,0,0,0
282,03,000,State - PUNJAB,Total,20-24,2776636,1465531,1311105,329468,157025,172443,2447168,1308506,1138662,44297,28185,16112,362822,208955,153867,339054,188453,150601,1280855,702753,578102,352575,143180,209395
283,03,000,State - PUNJAB,Total,25-29,2463861,1270405,1193456,395051,170004,225047,2068810,1100401,968409,35073,21091,13982,308235,165901,142334,317074,178540,138534,966814,539191,427623,371915,159158,212757
284,03,000,State - PUNJAB,Total,30-34,2116539,1082533,1034006,454782,186023,268759,1661757,896510,765247,33208,18753,14455,275739,137149,138590,255564,141419,114145,783131,451423,331708,255035,117380,137655
285,03,000,State - PUNJAB,Total,35-39,1989071,1010862,978209,533847,218607,315240,1455224,792255,662969,35178,20100,15078,288035,135781,152254,232084,123489,108595,662380,396488,265892,182312,88405,93907
286,03,000,State - PUNJAB,Total,40-44,1788469,909208,879261,555457,229473,325984,1233012,679735,553277,33269,18837,14432,292930,137290,155640,209385,113121,96264,498514,305762,192752,149337,79613,69724
287,03,000,State - PUNJAB,Total,45-49,1587771,818135,769636,532311,218686,313625,1055460,599449,456011,29786,17187,12599,266815,124750,142065,187227,109935,77292,402498,254593,147905,125092,70391,54701
288,03,000,State - PUNJAB,Total,50-54,1254464,663664,590800,455628,195681,259947,798836,467983,330853,24515,14315,10200,203551,95828,107723,138482,85698,52784,288874,189654,99220,107684,64002,43682
289,03,000,State - PUNJAB,Total,55-59,956555,485845,470710,367339,133327,234012,589216,352518,236698,18855,10328,8527,148054,66939,81115,97163,61956,35207,206210,139433,66777,91953,60341,31612
290,03,000,State - PUNJAB,Total,60-64,996590,482483,514107,510911,187337,323574,485679,295146,190533,21460,11590,9870,138119,64303,73816,77532,50497,27035,159318,112057,47261,60213,42444,17769
291,03,000,State - PUNJAB,Total,65-69,719588,372806,346782,410531,166420,244111,309057,206386,102671,15841,9548,6293,86728,47391,39337,50780,36185,14595,103919,79263,24656,29964,22541,7423
292,03,000,State - PUNJAB,Total,70-74,513472,272120,241352,328965,145177,183788,184507,126943,57564,11989,7698,4291,51746,29603,22143,27403,19859,7544,59029,47260,11769,17578,13702,3876
293,03,000,State - PUNJAB,Total,75-79,256666,130203,126463,169117,70230,98887,87549,59973,27576,6896,4524,2372,25229,14263,10966,12648,8871,3777,25949,21340,4609,7893,6448,1445
294,03,000,State - PUNJAB,Total,80+,379501,186050,193451,272302,114766,157536,107199,71284,35915,9212,6436,2776,33340,20444,12896,15042,10635,4407,27888,21161,6727,7327,5268,2059
295,03,000,State - PUNJAB,Total,Age not stated,41522,22272,19250,13528,6355,7173,27994,15917,12077,3231,1830,1401,5248,2750,2498,3550,1959,1591,7925,4560,3365,1968,903,1065
296,03,000,State - PUNJAB,Rural,All ages,17344192,9093476,8250716,6346535,2934669,3411866,10997657,6158807,4838850,1454338,832909,621429,2953365,1555595,1397770,1965243,1117838,847405,3788069,2225263,1562806,460985,227170,233815
297,03,000,State - PUNJAB,Rural,0-6,1945502,1055297,890205,1945502,1055297,890205,0,0,0,0,0,0,0,0,0,0,0,0,0,0,0,0,0,0
298,03,000,State - PUNJAB,Rural,7,308113,167169,140944,70336,37752,32584,237777,129417,108360,229136,124305,104831,0,0,0,0,0,0,0,0,0,0,0,0
299,03,000,State - PUNJAB,Rural,8,307651,169036,138615,35637,19141,16496,272014,149895,122119,266761,146875,119886,0,0,0,0,0,0,0,0,0,0,0,0
300,03,000,State - PUNJAB,Rural,9,297125,166387,130738,23713,12699,11014,273412,153688,119724,248912,140869,108043,20462,10487,9975,0,0,0,0,0,0,0,0,0
301,03,000,State - PUNJAB,Rural,10,341230,192450,148780,28773,15266,13507,312457,177184,135273,229760,133703,96057,78172,40826,37346,0,0,0,0,0,0,0,0,0
302,03,000,State - PUNJAB,Rural,11,313362,176351,137011,19275,10222,9053,294087,166129,127958,119771,72123,47648,170777,91975,78802,0,0,0,0,0,0,0,0,0
303,03,000,State - PUNJAB,Rural,12,335091,187214,147877,21518,11241,10277,313573,175973,137600,58878,35678,23200,231007,127966,103041,20025,10196,9829,0,0,0,0,0,0
304,03,000,State - PUNJAB,Rural,13,332939,183924,149015,20159,10231,9928,312780,173693,139087,26726,15794,10932,217208,123437,93771,65385,32490,32895,0,0,0,0,0,0
305,03,000,State - PUNJAB,Rural,14,346206,191427,154779,23453,12082,11371,322753,179345,143408,15461,9078,6383,150990,89289,61701,152343,78768,73575,0,0,0,0,0,0
306,03,000,State - PUNJAB,Rural,15,361212,200124,161088,30017,15854,14163,331195,184270,146925,11669,6671,4998,97502,57668,39834,165392,91533,73859,52065,25730,26335,0,0,0
307,03,000,State - PUNJAB,Rural,16,367557,202731,164826,30177,15977,14200,337380,186754,150626,9529,5511,4018,72698,41774,30924,126082,73970,52112,123984,62622,61362,0,0,0
308,03,000,State - PUNJAB,Rural,17,347961,192977,154984,27037,14738,12299,320924,178239,142685,7291,4267,3024,58371,33630,24741,76620,46244,30376,173245,90943,82302,0,0,0
309,03,000,State - PUNJAB,Rural,18,404442,225644,178798,41555,22604,18951,362887,203040,159847,8697,5386,3311,68239,39615,28624,62804,37015,25789,215490,116581,98909,0,0,0
310,03,000,State - PUNJAB,Rural,19,333255,182355,150900,30194,15802,14392,303061,166553,136508,6204,3871,2333,51672,30008,21664,43588,24433,19155,194682,104328,90354,0,0,0
311,03,000,State - PUNJAB,Rural,20-24,1706833,888739,818094,220918,103744,117174,1485915,784995,700920,29263,18562,10701,260790,147180,113610,228543,122435,106108,797121,429097,368024,127574,44708,82866
312,03,000,State - PUNJAB,Rural,25-29,1455456,738196,717260,269625,114914,154711,1185831,623282,562549,22686,13575,9111,218662,114972,103690,212109,115706,96403,575546,310800,264746,115801,47007,68794
313,03,000,State - PUNJAB,Rural,30-34,1263506,636268,627238,323509,131677,191832,939997,504591,435406,22348,12453,9895,198220,95689,102531,171184,91965,79219,449269,256068,193201,64184,30708,33476
314,03,000,State - PUNJAB,Rural,35-39,1202842,604249,598593,386850,158173,228677,815992,446076,369916,23777,13513,10264,206264,94910,111354,151866,79143,72723,363124,221467,141657,37959,20378,17581
315,03,000,State - PUNJAB,Rural,40-44,1102644,555906,546738,410781,169949,240832,691863,385957,305906,22938,12963,9975,210948,96939,114009,133734,71921,61813,263425,169339,94086,30508,19393,11115
316,03,000,State - PUNJAB,Rural,45-49,964942,495583,469359,395557,162919,232638,569385,332664,236721,20217,11653,8564,187181,86126,101055,114539,69173,45366,196650,135138,61512,24254,16753,7501
317,03,000,State - PUNJAB,Rural,50-54,749857,397863,351994,343196,149040,194156,406661,248823,157838,16668,9775,6893,139994,65552,74442,80748,52906,27842,128181,94687,33494,20062,14851,5211
318,03,000,State - PUNJAB,Rural,55-59,569146,283796,285350,281668,103387,178281,287478,180409,107069,12775,7152,5623,99208,45544,53664,54973,38147,16826,87109,67400,19709,17571,14080,3491
319,03,000,State - PUNJAB,Rural,60-64,654729,309825,344904,408199,151757,256442,246530,158068,88462,14650,8247,6403,91980,44657,47323,43547,32000,11547,66930,54702,12228,10977,9274,1703
320,03,000,State - PUNJAB,Rural,65-69,496111,257824,238287,333106,139910,193196,163005,117914,45091,10544,6928,3616,56572,33887,22685,29642,24058,5584,46353,40317,6036,5351,4681,670
321,03,000,State - PUNJAB,Rural,70-74,356117,191121,164996,262602,120897,141705,93515,70224,23291,7551,5336,2215,30345,19691,10654,15269,12856,2413,26319,23542,2777,3036,2668,368
322,03,000,State - PUNJAB,Rural,75-79,175972,89364,86608,134761,58706,76055,41211,30658,10553,4053,2952,1101,13317,8774,4543,6183,5150,1033,10550,9508,1042,1343,1183,160
323,03,000,State - PUNJAB,Rural,80+,274781,135823,138958,218199,95943,122256,56582,39880,16702,5623,4280,1343,18731,12889,5842,8084,6312,1772,12701,9922,2779,1605,1143,462
324,03,000,State - PUNJAB,Rural,Age not stated,29610,15833,13777,10218,4747,5471,19392,11086,8306,2450,1389,1061,4055,2110,1945,2583,1417,1166,5325,3072,2253,760,343,417
325,03,000,State - PUNJAB,Urban,All ages,10399146,5545989,4853157,2689666,1268740,1420926,7709480,4277249,3432231,773346,441027,332319,1334835,717945,616890,1101062,629225,471837,2967467,1719897,1247570,1299861,646606,653255
326,03,000,State - PUNJAB,Urban,0-6,1130717,610697,520020,1130717,610697,520020,0,0,0,0,0,0,0,0,0,0,0,0,0,0,0,0,0,0
327,03,000,State - PUNJAB,Urban,7,175167,95258,79909,38077,20144,17933,137090,75114,61976,132312,72356,59956,0,0,0,0,0,0,0,0,0,0,0,0
328,03,000,State - PUNJAB,Urban,8,171796,94798,76998,21348,11211,10137,150448,83587,66861,147413,81822,65591,0,0,0,0,0,0,0,0,0,0,0,0
329,03,000,State - PUNJAB,Urban,9,165477,92996,72481,15142,7951,7191,150335,85045,65290,134974,76740,58234,13026,6930,6096,0,0,0,0,0,0,0,0,0
330,03,000,State - PUNJAB,Urban,10,195794,111307,84487,19281,10435,8846,176513,100872,75641,122298,71198,51100,51367,27996,23371,0,0,0,0,0,0,0,0,0
331,03,000,State - PUNJAB,Urban,11,174815,98552,76263,12227,6482,5745,162588,92070,70518,58192,34389,23803,102137,56294,45843,0,0,0,0,0,0,0,0,0
332,03,000,State - PUNJAB,Urban,12,181864,101953,79911,13612,7350,6262,168252,94603,73649,28160,16736,11424,122738,68687,54051,15318,7951,7367,0,0,0,0,0,0
333,03,000,State - PUNJAB,Urban,13,177902,99564,78338,11802,6205,5597,166100,93359,72741,13772,8107,5665,103566,59469,44097,46783,24582,22201,0,0,0,0,0,0
334,03,000,State - PUNJAB,Urban,14,184199,102788,81411,12700,6792,5908,171499,95996,75503,7688,4515,3173,62075,36488,25587,99615,53720,45895,0,0,0,0,0,0
335,03,000,State - PUNJAB,Urban,15,194513,109830,84683,16576,9378,7198,177937,100452,77485,5643,3442,2201,36973,22328,14645,90692,51617,39075,42129,21531,20598,0,0,0
336,03,000,State - PUNJAB,Urban,16,194610,109261,85349,15799,8892,6907,178811,100369,78442,4390,2714,1676,26159,15643,10516,56881,33565,23316,88860,46899,41961,0,0,0
337,03,000,State - PUNJAB,Urban,17,188958,106487,82471,13997,8028,5969,174961,98459,76502,3533,2264,1269,20993,12906,8087,31824,19211,12613,115862,62387,53475,0,0,0
338,03,000,State - PUNJAB,Urban,18,227171,129937,97234,22280,13116,9164,204891,116821,88070,4506,3017,1489,25701,16335,9366,29049,18263,10786,141633,76745,64888,0,0,0
339,03,000,State - PUNJAB,Urban,19,198004,110834,87170,16060,8711,7349,181944,102123,79821,3198,2083,1115,19776,12442,7334,20916,12888,8028,134282,72456,61826,0,0,0
340,03,000,State - PUNJAB,Urban,20-24,1069803,576792,493011,108550,53281,55269,961253,523511,437742,15034,9623,5411,102032,61775,40257,110511,66018,44493,483734,273656,210078,225001,98472,126529
341,03,000,State - PUNJAB,Urban,25-29,1008405,532209,476196,125426,55090,70336,882979,477119,405860,12387,7516,4871,89573,50929,38644,104965,62834,42131,391268,228391,162877,256114,112151,143963
342,03,000,State - PUNJAB,Urban,30-34,853033,446265,406768,131273,54346,76927,721760,391919,329841,10860,6300,4560,77519,41460,36059,84380,49454,34926,333862,195355,138507,190851,86672,104179
343,03,000,State - PUNJAB,Urban,35-39,786229,406613,379616,146997,60434,86563,639232,346179,293053,11401,6587,4814,81771,40871,40900,80218,44346,35872,299256,175021,124235,144353,68027,76326
344,03,000,State - PUNJAB,Urban,40-44,685825,353302,332523,144676,59524,85152,541149,293778,247371,10331,5874,4457,81982,40351,41631,75651,41200,34451,235089,136423,98666,118829,60220,58609
345,03,000,State - PUNJAB,Urban,45-49,622829,322552,300277,136754,55767,80987,486075,266785,219290,9569,5534,4035,79634,38624,41010,72688,40762,31926,205848,119455,86393,100838,53638,47200
346,03,000,State - PUNJAB,Urban,50-54,504607,265801,238806,112432,46641,65791,392175,219160,173015,7847,4540,3307,63557,30276,33281,57734,32792,24942,160693,94967,65726,87622,49151,38471
347,03,000,State - PUNJAB,Urban,55-59,387409,202049,185360,85671,29940,55731,301738,172109,129629,6080,3176,2904,48846,21395,27451,42190,23809,18381,119101,72033,47068,74382,46261,28121
348,03,000,State - PUNJAB,Urban,60-64,341861,172658,169203,102712,35580,67132,239149,137078,102071,6810,3343,3467,46139,19646,26493,33985,18497,15488,92388,57355,35033,49236,33170,16066
349,03,000,State - PUNJAB,Urban,65-69,223477,114982,108495,77425,26510,50915,146052,88472,57580,5297,2620,2677,30156,13504,16652,21138,12127,9011,57566,38946,18620,24613,17860,6753
350,03,000,State - PUNJAB,Urban,70-74,157355,80999,76356,66363,24280,42083,90992,56719,34273,4438,2362,2076,21401,9912,11489,12134,7003,5131,32710,23718,8992,14542,11034,3508
351,03,000,State - PUNJAB,Urban,75-79,80694,40839,39855,34356,11524,22832,46338,29315,17023,2843,1572,1271,11912,5489,6423,6465,3721,2744,15399,11832,3567,6550,5265,1285
352,03,000,State - PUNJAB,Urban,80+,104720,50227,54493,54103,18823,35280,50617,31404,19213,3589,2156,1433,14609,7555,7054,6958,4323,2635,15187,11239,3948,5722,4125,1597
353,03,000,State - PUNJAB,Urban,Age not stated,11912,6439,5473,3310,1608,1702,8602,4831,3771,781,441,340,1193,640,553,967,542,425,2600,1488,1112,1208,560,648
354,04,000,State - CHANDIGARH,Total,All ages,1055450,580663,474787,250012,115317,134695,805438,465346,340092,90869,51211,39658,130243,73645,56598,111879,67964,43915,265112,161391,103721,194453,104748,89705
355,04,000,State - CHANDIGARH,Total,0-6,119434,63536,55898,119434,63536,55898,0,0,0,0,0,0,0,0,0,0,0,0,0,0,0,0,0,0
356,04,000,State - CHANDIGARH,Total,7,18624,9987,8637,3172,1649,1523,15452,8338,7114,15207,8203,7004,0,0,0,0,0,0,0,0,0,0,0,0
357,04,000,State - CHANDIGARH,Total,8,17271,9413,7858,1395,738,657,15876,8675,7201,15771,8622,7149,0,0,0,0,0,0,0,0,0,0,0,0
358,04,000,State - CHANDIGARH,Total,9,17719,9666,8053,1397,692,705,16322,8974,7348,15295,8411,6884,925,511,414,0,0,0,0,0,0,0,0,0
359,04,000,State - CHANDIGARH,Total,10,20360,11410,8950,1565,794,771,18795,10616,8179,14363,8169,6194,4315,2382,1933,0,0,0,0,0,0,0,0,0
360,04,000,State - CHANDIGARH,Total,11,18296,10180,8116,949,465,484,17347,9715,7632,7141,4049,3092,10119,5615,4504,0,0,0,0,0,0,0,0,0
361,04,000,State - CHANDIGARH,Total,12,18673,10461,8212,884,447,437,17789,10014,7775,3801,2176,1625,13000,7268,5732,915,526,389,0,0,0,0,0,0
362,04,000,State - CHANDIGARH,Total,13,17752,9846,7906,804,382,422,16948,9464,7484,1927,1087,840,11429,6425,5004,3534,1916,1618,0,0,0,0,0,0
363,04,000,State - CHANDIGARH,Total,14,18383,10243,8140,836,413,423,17547,9830,7717,1122,603,519,7237,4175,3062,9103,5010,4093,0,0,0,0,0,0
364,04,000,State - CHANDIGARH,Total,15,18938,10603,8335,1188,629,559,17750,9974,7776,730,415,315,4330,2542,1788,9555,5294,4261,3021,1654,1367,0,0,0
365,04,000,State - CHANDIGARH,Total,16,19554,11116,8438,1209,660,549,18345,10456,7889,577,341,236,2881,1713,1168,6545,3840,2705,8216,4493,3723,0,0,0
366,04,000,State - CHANDIGARH,Total,17,19116,11139,7977,1145,653,492,17971,10486,7485,480,308,172,2173,1374,799,3787,2338,1449,11403,6376,5027,0,0,0
367,04,000,State - CHANDIGARH,Total,18,24660,14792,9868,1911,1166,745,22749,13626,9123,668,465,203,2849,1968,881,3816,2607,1209,15165,8427,6738,0,0,0
368,04,000,State - CHANDIGARH,Total,19,22150,12871,9279,1471,841,630,20679,12030,8649,461,317,144,2267,1514,753,2631,1763,868,15122,8302,6820,0,0,0
369,04,000,State - CHANDIGARH,Total,20-24,121244,68467,52777,10428,4812,5616,110816,63655,47161,2311,1556,755,11790,7384,4406,14053,8910,5143,51949,30932,21017,29285,14051,15234
370,04,000,State - CHANDIGARH,Total,25-29,110237,60694,49543,13357,5184,8173,96880,55510,41370,2047,1257,790,10963,6444,4519,13293,8435,4858,33277,20676,12601,35654,17857,17797
371,04,000,State - CHANDIGARH,Total,30-34,90803,49625,41178,14055,5102,8953,76748,44523,32225,1831,1113,718,9001,5103,3898,10450,6701,3749,27667,17365,10302,26337,13526,12811
372,04,000,State - CHANDIGARH,Total,35-39,83672,45566,38106,16102,6078,10024,67570,39488,28082,1755,1009,746,8555,4831,3724,9199,5782,3417,25211,15935,9276,21432,11258,10174
373,04,000,State - CHANDIGARH,Total,40-44,68921,37268,31653,14095,5215,8880,54826,32053,22773,1313,768,545,7297,3836,3461,7162,4438,2724,20219,13124,7095,17684,9352,8332
374,04,000,State - CHANDIGARH,Total,45-49,60352,32893,27459,12422,4778,7644,47930,28115,19815,1123,663,460,6461,3476,2985,5994,3706,2288,16632,10740,5892,16657,9066,7591
375,04,000,State - CHANDIGARH,Total,50-54,46942,26108,20834,8933,3430,5503,38009,22678,15331,843,505,338,4666,2433,2233,4123,2535,1588,12602,8292,4310,14985,8558,6427
376,04,000,State - CHANDIGARH,Total,55-59,34925,19745,15180,6157,2150,4007,28768,17595,11173,585,336,249,3227,1617,1610,2730,1712,1018,8885,5719,3166,12716,7913,4803
377,04,000,State - CHANDIGARH,Total,60-64,25801,13530,12271,6397,2162,4235,19404,11368,8036,546,324,222,2553,1244,1309,1863,1052,811,5850,3432,2418,8090,5079,3011
378,04,000,State - CHANDIGARH,Total,65-69,15839,8250,7589,3816,1244,2572,12023,7006,5017,340,182,158,1532,702,830,1179,566,613,4005,2355,1650,4648,3057,1591
379,04,000,State - CHANDIGARH,Total,70-74,11385,5998,5387,2941,991,1950,8444,5007,3437,253,147,106,1089,491,598,851,392,459,2738,1630,1108,3256,2257,999
380,04,000,State - CHANDIGARH,Total,75-79,6422,3255,3167,1470,397,1073,4952,2858,2094,155,71,84,692,253,439,512,189,323,1495,893,602,1897,1378,519
381,04,000,State - CHANDIGARH,Total,80+,7631,3800,3831,2392,673,1719,5239,3127,2112,204,101,103,870,332,538,560,241,319,1596,1008,588,1763,1368,395
382,04,000,State - CHANDIGARH,Total,Age not stated,346,201,145,87,36,51,259,165,94,20,13,7,22,12,10,24,11,13,59,38,21,49,28,21
383,04,000,State - CHANDIGARH,Rural,All ages,28991,17150,11841,9030,4398,4632,19961,12752,7209,2997,1738,1259,4091,2484,1607,3461,2269,1192,7252,4886,2366,1872,1195,677
384,04,000,State - CHANDIGARH,Rural,0-6,4270,2282,1988,4270,2282,1988,0,0,0,0,0,0,0,0,0,0,0,0,0,0,0,0,0,0
385,04,000,State - CHANDIGARH,Rural,7,596,332,264,141,81,60,455,251,204,447,248,199,0,0,0,0,0,0,0,0,0,0,0,0
386,04,000,State - CHANDIGARH,Rural,8,555,298,257,56,29,27,499,269,230,495,268,227,0,0,0,0,0,0,0,0,0,0,0,0
387,04,000,State - CHANDIGARH,Rural,9,521,271,250,53,25,28,468,246,222,444,236,208,21,8,13,0,0,0,0,0,0,0,0,0
388,04,000,State - CHANDIGARH,Rural,10,615,350,265,64,30,34,551,320,231,461,267,194,88,51,37,0,0,0,0,0,0,0,0,0
389,04,000,State - CHANDIGARH,Rural,11,547,302,245,40,17,23,507,285,222,258,145,113,246,140,106,0,0,0,0,0,0,0,0,0
390,04,000,State - CHANDIGARH,Rural,12,499,299,200,32,15,17,467,284,183,129,78,51,319,193,126,18,12,6,0,0,0,0,0,0
391,04,000,State - CHANDIGARH,Rural,13,427,232,195,27,13,14,400,219,181,58,30,28,288,160,128,53,28,25,0,0,0,0,0,0
392,04,000,State - CHANDIGARH,Rural,14,449,238,211,34,13,21,415,225,190,45,20,25,203,117,86,166,88,78,0,0,0,0,0,0
393,04,000,State - CHANDIGARH,Rural,15,512,302,210,46,24,22,466,278,188,31,18,13,134,92,42,241,133,108,57,33,24,0,0,0
394,04,000,State - CHANDIGARH,Rural,16,505,324,181,55,34,21,450,290,160,25,15,10,108,79,29,156,99,57,158,96,62,0,0,0
395,04,000,State - CHANDIGARH,Rural,17,461,284,177,42,26,16,419,258,161,18,12,6,70,49,21,119,79,40,209,116,93,0,0,0
396,04,000,State - CHANDIGARH,Rural,18,691,486,205,86,63,23,605,423,182,33,25,8,117,86,31,137,113,24,311,194,117,0,0,0
397,04,000,State - CHANDIGARH,Rural,19,596,391,205,73,42,31,523,349,174,14,14,0,108,81,27,108,75,33,287,175,112,0,0,0
398,04,000,State - CHANDIGARH,Rural,20-24,3593,2255,1338,499,262,237,3094,1993,1101,106,82,24,454,308,146,564,372,192,1565,1000,565,351,189,162
399,04,000,State - CHANDIGARH,Rural,25-29,3806,2260,1546,644,279,365,3162,1981,1181,105,73,32,431,254,177,566,370,196,1425,893,532,575,355,220
400,04,000,State - CHANDIGARH,Rural,30-34,3101,1902,1199,593,236,357,2508,1666,842,87,53,34,370,226,144,410,283,127,1165,806,359,437,272,165
401,04,000,State - CHANDIGARH,Rural,35-39,2321,1455,866,550,244,306,1771,1211,560,88,57,31,316,195,121,319,208,111,817,592,225,201,145,56
402,04,000,State - CHANDIGARH,Rural,40-44,1547,947,600,412,168,244,1135,779,356,49,33,16,260,146,114,225,146,79,480,365,115,103,77,26
403,04,000,State - CHANDIGARH,Rural,45-49,1049,638,411,315,139,176,734,499,235,29,21,8,202,112,90,146,98,48,284,216,68,58,41,17
404,04,000,State - CHANDIGARH,Rural,50-54,723,415,308,238,94,144,485,321,164,17,8,9,121,59,62,94,63,31,194,149,45,52,40,12
405,04,000,State - CHANDIGARH,Rural,55-59,503,272,231,173,52,121,330,220,110,18,8,10,90,43,47,57,43,14,119,92,27,42,33,9
406,04,000,State - CHANDIGARH,Rural,60-64,481,277,204,230,91,139,251,186,65,13,8,5,71,39,32,42,33,9,84,75,9,36,27,9
407,04,000,State - CHANDIGARH,Rural,65-69,255,140,115,139,53,86,116,87,29,9,7,2,32,18,14,20,13,7,39,35,4,12,11,1
408,04,000,State - CHANDIGARH,Rural,70-74,181,96,85,100,37,63,81,59,22,8,6,2,18,9,9,12,8,4,34,29,5,4,4,0
409,04,000,State - CHANDIGARH,Rural,75-79,75,43,32,44,17,27,31,26,5,3,2,1,11,9,2,3,2,1,12,11,1,1,1,0
410,04,000,State - CHANDIGARH,Rural,80+,106,55,51,72,31,41,34,24,10,6,3,3,13,10,3,5,3,2,9,7,2,0,0,0
411,04,000,State - CHANDIGARH,Rural,Age not stated,6,4,2,2,1,1,4,3,1,1,1,0,0,0,0,0,0,0,3,2,1,0,0,0
412,04,000,State - CHANDIGARH,Urban,All ages,1026459,563513,462946,240982,110919,130063,785477,452594,332883,87872,49473,38399,126152,71161,54991,108418,65695,42723,257860,156505,101355,192581,103553,89028
413,04,000,State - CHANDIGARH,Urban,0-6,115164,61254,53910,115164,61254,53910,0,0,0,0,0,0,0,0,0,0,0,0,0,0,0,0,0,0
414,04,000,State - CHANDIGARH,Urban,7,18028,9655,8373,3031,1568,1463,14997,8087,6910,14760,7955,6805,0,0,0,0,0,0,0,0,0,0,0,0
415,04,000,State - CHANDIGARH,Urban,8,16716,9115,7601,1339,709,630,15377,8406,6971,15276,8354,6922,0,0,0,0,0,0,0,0,0,0,0,0
416,04,000,State - CHANDIGARH,Urban,9,17198,9395,7803,1344,667,677,15854,8728,7126,14851,8175,6676,904,503,401,0,0,0,0,0,0,0,0,0
417,04,000,State - CHANDIGARH,Urban,10,19745,11060,8685,1501,764,737,18244,10296,7948,13902,7902,6000,4227,2331,1896,0,0,0,0,0,0,0,0,0
418,04,000,State - CHANDIGARH,Urban,11,17749,9878,7871,909,448,461,16840,9430,7410,6883,3904,2979,9873,5475,4398,0,0,0,0,0,0,0,0,0
419,04,000,State - CHANDIGARH,Urban,12,18174,10162,8012,852,432,420,17322,9730,7592,3672,2098,1574,12681,7075,5606,897,514,383,0,0,0,0,0,0
420,04,000,State - CHANDIGARH,Urban,13,17325,9614,7711,777,369,408,16548,9245,7303,1869,1057,812,11141,6265,4876,3481,1888,1593,0,0,0,0,0,0
421,04,000,State - CHANDIGARH,Urban,14,17934,10005,7929,802,400,402,17132,9605,7527,1077,583,494,7034,4058,2976,8937,4922,4015,0,0,0,0,0,0
422,04,000,State - CHANDIGARH,Urban,15,18426,10301,8125,1142,605,537,17284,9696,7588,699,397,302,4196,2450,1746,9314,5161,4153,2964,1621,1343,0,0,0
423,04,000,State - CHANDIGARH,Urban,16,19049,10792,8257,1154,626,528,17895,10166,7729,552,326,226,2773,1634,1139,6389,3741,2648,8058,4397,3661,0,0,0
424,04,000,State - CHANDIGARH,Urban,17,18655,10855,7800,1103,627,476,17552,10228,7324,462,296,166,2103,1325,778,3668,2259,1409,11194,6260,4934,0,0,0
425,04,000,State - CHANDIGARH,Urban,18,23969,14306,9663,1825,1103,722,22144,13203,8941,635,440,195,2732,1882,850,3679,2494,1185,14854,8233,6621,0,0,0
426,04,000,State - CHANDIGARH,Urban,19,21554,12480,9074,1398,799,599,20156,11681,8475,447,303,144,2159,1433,726,2523,1688,835,14835,8127,6708,0,0,0
427,04,000,State - CHANDIGARH,Urban,20-24,117651,66212,51439,9929,4550,5379,107722,61662,46060,2205,1474,731,11336,7076,4260,13489,8538,4951,50384,29932,20452,28934,13862,15072
428,04,000,State - CHANDIGARH,Urban,25-29,106431,58434,47997,12713,4905,7808,93718,53529,40189,1942,1184,758,10532,6190,4342,12727,8065,4662,31852,19783,12069,35079,17502,17577
429,04,000,State - CHANDIGARH,Urban,30-34,87702,47723,39979,13462,4866,8596,74240,42857,31383,1744,1060,684,8631,4877,3754,10040,6418,3622,26502,16559,9943,25900,13254,12646
430,04,000,State - CHANDIGARH,Urban,35-39,81351,44111,37240,15552,5834,9718,65799,38277,27522,1667,952,715,8239,4636,3603,8880,5574,3306,24394,15343,9051,21231,11113,10118
431,04,000,State - CHANDIGARH,Urban,40-44,67374,36321,31053,13683,5047,8636,53691,31274,22417,1264,735,529,7037,3690,3347,6937,4292,2645,19739,12759,6980,17581,9275,8306
432,04,000,State - CHANDIGARH,Urban,45-49,59303,32255,27048,12107,4639,7468,47196,27616,19580,1094,642,452,6259,3364,2895,5848,3608,2240,16348,10524,5824,16599,9025,7574
433,04,000,State - CHANDIGARH,Urban,50-54,46219,25693,20526,8695,3336,5359,37524,22357,15167,826,497,329,4545,2374,2171,4029,2472,1557,12408,8143,4265,14933,8518,6415
434,04,000,State - CHANDIGARH,Urban,55-59,34422,19473,14949,5984,2098,3886,28438,17375,11063,567,328,239,3137,1574,1563,2673,1669,1004,8766,5627,3139,12674,7880,4794
435,04,000,State - CHANDIGARH,Urban,60-64,25320,13253,12067,6167,2071,4096,19153,11182,7971,533,316,217,2482,1205,1277,1821,1019,802,5766,3357,2409,8054,5052,3002
436,04,000,State - CHANDIGARH,Urban,65-69,15584,8110,7474,3677,1191,2486,11907,6919,4988,331,175,156,1500,684,816,1159,553,606,3966,2320,1646,4636,3046,1590
437,04,000,State - CHANDIGARH,Urban,70-74,11204,5902,5302,2841,954,1887,8363,4948,3415,245,141,104,1071,482,589,839,384,455,2704,1601,1103,3252,2253,999
438,04,000,State - CHANDIGARH,Urban,75-79,6347,3212,3135,1426,380,1046,4921,2832,2089,152,69,83,681,244,437,509,187,322,1483,882,601,1896,1377,519
439,04,000,State - CHANDIGARH,Urban,80+,7525,3745,3780,2320,642,1678,5205,3103,2102,198,98,100,857,322,535,555,238,317,1587,1001,586,1763,1368,395
440,04,000,State - CHANDIGARH,Urban,Age not stated,340,197,143,85,35,50,255,162,93,19,12,7,22,12,10,24,11,13,56,36,20,49,28,21
441,05,000,State - UTTARAKHAND,Total,All ages,10086292,5137773,4948519,3205339,1274065,1931274,6880953,3863708,3017245,1034583,554430,480153,1550574,803056,747518,1406871,806770,600101,1815486,1105814,709672,910288,512068,398220
442,05,000,State - UTTARAKHAND,Total,0-6,1355814,717199,638615,1355814,717199,638615,0,0,0,0,0,0,0,0,0,0,0,0,0,0,0,0,0,0
443,05,000,State - UTTARAKHAND,Total,7,210340,110555,99785,45348,23217,22131,164992,87338,77654,161017,85069,75948,0,0,0,0,0,0,0,0,0,0,0,0
444,05,000,State - UTTARAKHAND,Total,8,216896,114848,102048,21389,10834,10555,195507,104014,91493,193123,102656,90467,0,0,0,0,0,0,0,0,0,0,0,0
445,05,000,State - UTTARAKHAND,Total,9,200615,106565,94050,14873,7591,7282,185742,98974,86768,164229,87583,76646,19695,10311,9384,0,0,0,0,0,0,0,0,0
446,05,000,State - UTTARAKHAND,Total,10,250302,134113,116189,21095,10748,10347,229207,123365,105842,153261,83071,70190,73697,38965,34732,0,0,0,0,0,0,0,0,0
447,05,000,State - UTTARAKHAND,Total,11,215036,114025,101011,11371,5683,5688,203665,108342,95323,75216,41030,34186,126810,66364,60446,0,0,0,0,0,0,0,0,0
448,05,000,State - UTTARAKHAND,Total,12,236362,124845,111517,10033,4730,5303,226329,120115,106214,44716,24630,20086,157554,82598,74956,22519,12014,10505,0,0,0,0,0,0
449,05,000,State - UTTARAKHAND,Total,13,214935,111390,103545,8378,3726,4652,206557,107664,98893,20420,11077,9343,121926,62816,59110,62854,33004,29850,0,0,0,0,0,0
450,05,000,State - UTTARAKHAND,Total,14,228708,118901,109807,9882,4461,5421,218826,114440,104386,11948,6525,5423,82539,42955,39584,122688,64028,58660,0,0,0,0,0,0
451,05,000,State - UTTARAKHAND,Total,15,233790,121583,112207,12474,5465,7009,221316,116118,105198,8069,4457,3612,51402,26357,25045,108565,57645,50920,51563,26743,24820,0,0,0
452,05,000,State - UTTARAKHAND,Total,16,230111,119257,110854,12891,5685,7206,217220,113572,103648,6422,3472,2950,34589,17447,17142,81697,43845,37852,92600,47806,44794,0,0,0
453,05,000,State - UTTARAKHAND,Total,17,207201,108809,98392,11380,4960,6420,195821,103849,91972,4636,2532,2104,23597,12073,11524,53136,28922,24214,112435,59200,53235,0,0,0
454,05,000,State - UTTARAKHAND,Total,18,254384,135318,119066,19313,8635,10678,235071,126683,108388,6115,3505,2610,31255,16703,14552,55259,30649,24610,139386,74186,65200,0,0,0
455,05,000,State - UTTARAKHAND,Total,19,198624,103516,95108,13749,5693,8056,184875,97823,87052,4158,2423,1735,21704,11306,10398,38162,20314,17848,118129,62291,55838,0,0,0
456,05,000,State - UTTARAKHAND,Total,20-24,970068,484614,485454,97193,33899,63294,872875,450715,422160,20322,10955,9367,113900,56640,57260,186110,95459,90651,340790,187584,153206,194627,91453,103174
457,05,000,State - UTTARAKHAND,Total,25-29,810184,397363,412821,121925,37249,84676,688259,360114,328145,17893,8557,9336,97316,44949,52367,155254,84564,70690,212485,121786,90699,186822,91236,95586
458,05,000,State - UTTARAKHAND,Total,30-34,698300,345427,352873,142128,39795,102333,556172,305632,250540,18124,7973,10151,90233,39668,50565,120350,69340,51010,167462,102954,64508,143852,77903,65949
459,05,000,State - UTTARAKHAND,Total,35-39,665500,330834,334666,173407,48165,125242,492093,282669,209424,19988,8943,11045,95750,42499,53251,105582,63759,41823,148077,97246,50831,107412,62959,44453
460,05,000,State - UTTARAKHAND,Total,40-44,566709,285531,281178,172975,48079,124896,393734,237452,156282,17995,8237,9758,85320,39295,46025,81917,52281,29636,116842,82360,34482,78245,48904,29341
461,05,000,State - UTTARAKHAND,Total,45-49,489377,247982,241395,164855,44651,120204,324522,203331,121191,16950,8193,8757,77569,38207,39362,63337,42029,21308,93647,68627,25020,61411,40756,20655
462,05,000,State - UTTARAKHAND,Total,50-54,397158,202024,195134,145480,38305,107175,251678,163719,87959,14136,7195,6941,63822,33581,30241,44901,30880,14021,70137,53505,16632,49030,34002,15028
463,05,000,State - UTTARAKHAND,Total,55-59,318461,151865,166596,132029,29172,102857,186432,122693,63739,11642,5788,5854,49157,26919,22238,32820,22866,9954,50326,39039,11287,34912,24710,10202
464,05,000,State - UTTARAKHAND,Total,60-64,329056,163220,165836,163507,44524,118983,165549,118696,46853,14052,8852,5200,50599,34048,16551,28770,22050,6720,40483,32715,7768,23259,16955,6304
465,05,000,State - UTTARAKHAND,Total,65-69,218759,108412,110347,112675,30194,82481,106084,78218,27866,9845,6624,3221,33088,23247,9841,17842,13795,4047,26662,21720,4942,13082,10069,3013
466,05,000,State - UTTARAKHAND,Total,70-74,163443,80970,82473,92697,26478,66219,70746,54492,16254,7894,5769,2125,23084,17370,5714,11754,9492,2262,16102,13697,2405,7718,6047,1671
467,05,000,State - UTTARAKHAND,Total,75-79,84646,40837,43809,49153,13554,35599,35493,27283,8210,4772,3621,1151,11509,8612,2897,5508,4372,1136,7637,6495,1142,3792,3044,748
468,05,000,State - UTTARAKHAND,Total,80+,104905,48458,56447,64924,19483,45441,39981,28975,11006,6110,4847,1263,12542,9094,3448,6052,4377,1675,7874,6036,1838,4387,3050,1337
469,05,000,State - UTTARAKHAND,Total,Age not stated,16608,9312,7296,4401,1890,2511,12207,7422,4785,1530,846,684,1917,1032,885,1794,1085,709,2849,1824,1025,1739,980,759
470,05,000,State - UTTARAKHAND,Rural,All ages,7036954,3519042,3517912,2422904,922871,1500033,4614050,2596171,2017879,763789,405044,358745,1158397,595425,562972,1055738,607483,448255,1139544,703380,436164,386054,231662,154392
471,05,000,State - UTTARAKHAND,Rural,0-6,990776,521792,468984,990776,521792,468984,0,0,0,0,0,0,0,0,0,0,0,0,0,0,0,0,0,0
472,05,000,State - UTTARAKHAND,Rural,7,152454,79455,72999,33335,17066,16269,119119,62389,56730,116426,60893,55533,0,0,0,0,0,0,0,0,0,0,0,0
473,05,000,State - UTTARAKHAND,Rural,8,158202,83099,75103,15117,7572,7545,143085,75527,67558,141499,74626,66873,0,0,0,0,0,0,0,0,0,0,0,0
474,05,000,State - UTTARAKHAND,Rural,9,146443,76846,69597,10306,5179,5127,136137,71667,64470,120841,63626,57215,14053,7324,6729,0,0,0,0,0,0,0,0,0
475,05,000,State - UTTARAKHAND,Rural,10,181771,96251,85520,14405,7302,7103,167366,88949,78417,111877,59710,52167,54038,28427,25611,0,0,0,0,0,0,0,0,0
476,05,000,State - UTTARAKHAND,Rural,11,156931,82153,74778,7526,3657,3869,149405,78496,70909,55287,29691,25596,92997,48192,44805,0,0,0,0,0,0,0,0,0
477,05,000,State - UTTARAKHAND,Rural,12,173745,90621,83124,6344,2823,3521,167401,87798,79603,32778,17828,14950,117899,61045,56854,15683,8356,7327,0,0,0,0,0,0
478,05,000,State - UTTARAKHAND,Rural,13,157053,80262,76791,5225,2143,3082,151828,78119,73709,14690,7816,6874,91654,46441,45213,44573,23378,21195,0,0,0,0,0,0
479,05,000,State - UTTARAKHAND,Rural,14,165918,85291,80627,6205,2612,3593,159713,82679,77034,8411,4464,3947,62768,31983,30785,87450,45658,41792,0,0,0,0,0,0
480,05,000,State - UTTARAKHAND,Rural,15,168529,86504,82025,7894,3179,4715,160635,83325,77310,5605,3005,2600,38728,19342,19386,81120,42623,38497,34027,17775,16252,0,0,0
481,05,000,State - UTTARAKHAND,Rural,16,165057,84160,80897,8231,3313,4918,156826,80847,75979,4490,2326,2164,25565,12417,13148,63612,33653,29959,61861,31811,30050,0,0,0
482,05,000,State - UTTARAKHAND,Rural,17,145509,75319,70190,7193,2810,4383,138316,72509,65807,3180,1626,1554,16881,8202,8679,41766,22218,19548,75139,39752,35387,0,0,0
483,05,000,State - UTTARAKHAND,Rural,18,177577,92407,85170,12522,4999,7523,165055,87408,77647,4231,2281,1950,22231,11267,10964,43228,23268,19960,93289,49543,43746,0,0,0
484,05,000,State - UTTARAKHAND,Rural,19,136226,68679,67547,8955,3267,5688,127271,65412,61859,2895,1572,1323,15603,7559,8044,29974,15289,14685,76967,40073,36894,0,0,0
485,05,000,State - UTTARAKHAND,Rural,20-24,648027,312431,335596,66375,20472,45903,581652,291959,289693,14267,7246,7021,82493,37914,44579,145051,71077,73974,227908,122751,105157,100439,47523,52916
486,05,000,State - UTTARAKHAND,Rural,25-29,529754,253277,276477,86775,23925,62850,442979,229352,213627,13047,5910,7137,71987,30818,41169,120307,63843,56464,138847,78295,60552,86966,45013,41953
487,05,000,State - UTTARAKHAND,Rural,30-34,459156,221890,237266,105642,26715,78927,353514,195175,158339,13890,5744,8146,68197,28066,40131,92802,53184,39618,105518,66009,39509,62752,37549,25203
488,05,000,State - UTTARAKHAND,Rural,35-39,441348,215242,226106,131178,33244,97934,310170,181998,128172,15497,6632,8865,72585,30867,41718,79373,49000,30373,89464,62198,27266,43312,28855,14457
489,05,000,State - UTTARAKHAND,Rural,40-44,378652,187060,191592,133660,34107,99553,244992,152953,92039,14329,6398,7931,64732,29447,35285,60494,40385,20109,67777,51810,15967,28640,20857,7783
490,05,000,State - UTTARAKHAND,Rural,45-49,325900,160955,164945,128673,32181,96492,197227,128774,68453,13464,6444,7020,57984,29111,28873,45195,31882,13313,52218,41827,10391,20540,15884,4656
491,05,000,State - UTTARAKHAND,Rural,50-54,270074,133037,137037,117125,28615,88510,152949,104422,48527,11512,5893,5619,48630,26563,22067,31747,23366,8381,38394,32566,5828,15836,12905,2931
492,05,000,State - UTTARAKHAND,Rural,55-59,221366,100962,120404,108495,22531,85964,112871,78431,34440,9408,4772,4636,37571,21747,15824,22928,17407,5521,26225,22666,3559,11378,9501,1877
493,05,000,State - UTTARAKHAND,Rural,60-64,244791,119263,125528,137534,36275,101259,107257,82988,24269,11651,7654,3997,39824,28961,10863,20751,17526,3225,21455,19464,1991,7237,6246,991
494,05,000,State - UTTARAKHAND,Rural,65-69,163102,78840,84262,95557,25114,70443,67545,53726,13819,8188,5849,2339,25619,19839,5780,12570,10782,1788,13310,11890,1420,3756,3292,464
495,05,000,State - UTTARAKHAND,Rural,70-74,124907,60605,64302,78893,22345,56548,46014,38260,7754,6536,5140,1396,17868,14847,3021,8275,7387,888,8125,7527,598,2048,1759,289
496,05,000,State - UTTARAKHAND,Rural,75-79,64561,30697,33864,42008,11723,30285,22553,18974,3579,3905,3199,706,8480,7200,1280,3782,3412,370,3688,3424,264,964,833,131
497,05,000,State - UTTARAKHAND,Rural,80+,78653,36196,42457,53922,16655,37267,24731,19541,5190,4848,4148,700,8683,7126,1557,3844,3060,784,3807,3055,752,1431,992,439
498,05,000,State - UTTARAKHAND,Rural,Age not stated,10472,5748,4724,3033,1255,1778,7439,4493,2946,1037,551,486,1327,720,607,1213,729,484,1525,944,581,755,453,302
499,05,000,State - UTTARAKHAND,Urban,All ages,3049338,1618731,1430607,782435,351194,431241,2266903,1267537,999366,270794,149386,121408,392177,207631,184546,351133,199287,151846,675942,402434,273508,524234,280406,243828
500,05,000,State - UTTARAKHAND,Urban,0-6,365038,195407,169631,365038,195407,169631,0,0,0,0,0,0,0,0,0,0,0,0,0,0,0,0,0,0
501,05,000,State - UTTARAKHAND,Urban,7,57886,31100,26786,12013,6151,5862,45873,24949,20924,44591,24176,20415,0,0,0,0,0,0,0,0,0,0,0,0
502,05,000,State - UTTARAKHAND,Urban,8,58694,31749,26945,6272,3262,3010,52422,28487,23935,51624,28030,23594,0,0,0,0,0,0,0,0,0,0,0,0
503,05,000,State - UTTARAKHAND,Urban,9,54172,29719,24453,4567,2412,2155,49605,27307,22298,43388,23957,19431,5642,2987,2655,0,0,0,0,0,0,0,0,0
504,05,000,State - UTTARAKHAND,Urban,10,68531,37862,30669,6690,3446,3244,61841,34416,27425,41384,23361,18023,19659,10538,9121,0,0,0,0,0,0,0,0,0
505,05,000,State - UTTARAKHAND,Urban,11,58105,31872,26233,3845,2026,1819,54260,29846,24414,19929,11339,8590,33813,18172,15641,0,0,0,0,0,0,0,0,0
506,05,000,State - UTTARAKHAND,Urban,12,62617,34224,28393,3689,1907,1782,58928,32317,26611,11938,6802,5136,39655,21553,18102,6836,3658,3178,0,0,0,0,0,0
507,05,000,State - UTTARAKHAND,Urban,13,57882,31128,26754,3153,1583,1570,54729,29545,25184,5730,3261,2469,30272,16375,13897,18281,9626,8655,0,0,0,0,0,0
508,05,000,State - UTTARAKHAND,Urban,14,62790,33610,29180,3677,1849,1828,59113,31761,27352,3537,2061,1476,19771,10972,8799,35238,18370,16868,0,0,0,0,0,0
509,05,000,State - UTTARAKHAND,Urban,15,65261,35079,30182,4580,2286,2294,60681,32793,27888,2464,1452,1012,12674,7015,5659,27445,15022,12423,17536,8968,8568,0,0,0
510,05,000,State - UTTARAKHAND,Urban,16,65054,35097,29957,4660,2372,2288,60394,32725,27669,1932,1146,786,9024,5030,3994,18085,10192,7893,30739,15995,14744,0,0,0
511,05,000,State - UTTARAKHAND,Urban,17,61692,33490,28202,4187,2150,2037,57505,31340,26165,1456,906,550,6716,3871,2845,11370,6704,4666,37296,19448,17848,0,0,0
512,05,000,State - UTTARAKHAND,Urban,18,76807,42911,33896,6791,3636,3155,70016,39275,30741,1884,1224,660,9024,5436,3588,12031,7381,4650,46097,24643,21454,0,0,0
513,05,000,State - UTTARAKHAND,Urban,19,62398,34837,27561,4794,2426,2368,57604,32411,25193,1263,851,412,6101,3747,2354,8188,5025,3163,41162,22218,18944,0,0,0
514,05,000,State - UTTARAKHAND,Urban,20-24,322041,172183,149858,30818,13427,17391,291223,158756,132467,6055,3709,2346,31407,18726,12681,41059,24382,16677,112882,64833,48049,94188,43930,50258
515,05,000,State - UTTARAKHAND,Urban,25-29,280430,144086,136344,35150,13324,21826,245280,130762,114518,4846,2647,2199,25329,14131,11198,34947,20721,14226,73638,43491,30147,99856,46223,53633
516,05,000,State - UTTARAKHAND,Urban,30-34,239144,123537,115607,36486,13080,23406,202658,110457,92201,4234,2229,2005,22036,11602,10434,27548,16156,11392,61944,36945,24999,81100,40354,40746
517,05,000,State - UTTARAKHAND,Urban,35-39,224152,115592,108560,42229,14921,27308,181923,100671,81252,4491,2311,2180,23165,11632,11533,26209,14759,11450,58613,35048,23565,64100,34104,29996
518,05,000,State - UTTARAKHAND,Urban,40-44,188057,98471,89586,39315,13972,25343,148742,84499,64243,3666,1839,1827,20588,9848,10740,21423,11896,9527,49065,30550,18515,49605,28047,21558
519,05,000,State - UTTARAKHAND,Urban,45-49,163477,87027,76450,36182,12470,23712,127295,74557,52738,3486,1749,1737,19585,9096,10489,18142,10147,7995,41429,26800,14629,40871,24872,15999
520,05,000,State - UTTARAKHAND,Urban,50-54,127084,68987,58097,28355,9690,18665,98729,59297,39432,2624,1302,1322,15192,7018,8174,13154,7514,5640,31743,20939,10804,33194,21097,12097
521,05,000,State - UTTARAKHAND,Urban,55-59,97095,50903,46192,23534,6641,16893,73561,44262,29299,2234,1016,1218,11586,5172,6414,9892,5459,4433,24101,16373,7728,23534,15209,8325
522,05,000,State - UTTARAKHAND,Urban,60-64,84265,43957,40308,25973,8249,17724,58292,35708,22584,2401,1198,1203,10775,5087,5688,8019,4524,3495,19028,13251,5777,16022,10709,5313
523,05,000,State - UTTARAKHAND,Urban,65-69,55657,29572,26085,17118,5080,12038,38539,24492,14047,1657,775,882,7469,3408,4061,5272,3013,2259,13352,9830,3522,9326,6777,2549
524,05,000,State - UTTARAKHAND,Urban,70-74,38536,20365,18171,13804,4133,9671,24732,16232,8500,1358,629,729,5216,2523,2693,3479,2105,1374,7977,6170,1807,5670,4288,1382
525,05,000,State - UTTARAKHAND,Urban,75-79,20085,10140,9945,7145,1831,5314,12940,8309,4631,867,422,445,3029,1412,1617,1726,960,766,3949,3071,878,2828,2211,617
526,05,000,State - UTTARAKHAND,Urban,80+,26252,12262,13990,11002,2828,8174,15250,9434,5816,1262,699,563,3859,1968,1891,2208,1317,891,4067,2981,1086,2956,2058,898
527,05,000,State - UTTARAKHAND,Urban,Age not stated,6136,3564,2572,1368,635,733,4768,2929,1839,493,295,198,590,312,278,581,356,225,1324,880,444,984,527,457
528,06,000,State - HARYANA,Total,All ages,25351462,13494734,11856728,8752474,3700667,5051807,16598988,9794067,6804921,2473145,1403012,1070133,3772022,2075334,1696688,2705282,1557670,1147612,5343778,3426435,1917343,1877085,1102809,774276
529,06,000,State - HARYANA,Total,0-6,3380721,1843109,1537612,3380721,1843109,1537612,0,0,0,0,0,0,0,0,0,0,0,0,0,0,0,0,0,0
530,06,000,State - HARYANA,Total,7,497749,270994,226755,104208,54114,50094,393541,216880,176661,385902,212296,173606,0,0,0,0,0,0,0,0,0,0,0,0
531,06,000,State - HARYANA,Total,8,513907,281655,232252,58000,28600,29400,455907,253055,202852,451142,250189,200953,0,0,0,0,0,0,0,0,0,0,0,0
532,06,000,State - HARYANA,Total,9,468899,259856,209043,37847,18326,19521,431052,241530,189522,394058,221572,172486,33291,17730,15561,0,0,0,0,0,0,0,0,0
533,06,000,State - HARYANA,Total,10,573702,320318,253384,50331,24191,26140,523371,296127,227244,378293,216183,162110,140722,77293,63429,0,0,0,0,0,0,0,0,0
534,06,000,State - HARYANA,Total,11,506884,282039,224845,30467,13954,16513,476417,268085,208332,194012,111441,82571,279122,154710,124412,0,0,0,0,0,0,0,0,0
535,06,000,State - HARYANA,Total,12,550890,305753,245137,34224,15079,19145,516666,290674,225992,107987,61608,46379,362142,203670,158472,42966,23326,19640,0,0,0,0,0,0
536,06,000,State - HARYANA,Total,13,508706,277252,231454,28818,12135,16683,479888,265117,214771,49866,27526,22340,299792,167857,131935,127028,67947,59081,0,0,0,0,0,0
537,06,000,State - HARYANA,Total,14,528496,288774,239722,33725,14109,19616,494771,274665,220106,29447,16094,13353,188949,107356,81593,272620,149106,123514,0,0,0,0,0,0
538,06,000,State - HARYANA,Total,15,553727,306076,247651,40153,17869,22284,513574,288207,225367,21490,11810,9680,113206,65069,48137,249097,140129,108968,125501,68771,56730,0,0,0
539,06,000,State - HARYANA,Total,16,545635,302833,242802,40740,17862,22878,504895,284971,219924,17341,9609,7732,77232,43508,33724,155661,90104,65557,249597,138822,110775,0,0,0
540,06,000,State - HARYANA,Total,17,490393,274242,216151,35519,15650,19869,454874,258592,196282,13000,7397,5603,58234,32491,25743,81412,47407,34005,296893,168266,128627,0,0,0
541,06,000,State - HARYANA,Total,18,607791,340968,266823,59377,25963,33414,548414,315005,233409,17138,10199,6939,80277,45093,35184,76692,43296,33396,365599,211411,154188,0,0,0
542,06,000,State - HARYANA,Total,19,479844,263429,216415,42722,16840,25882,437122,246589,190533,12105,7194,4911,60983,33137,27846,53560,28399,25161,302731,173451,129280,0,0,0
543,06,000,State - HARYANA,Total,20-24,2567486,1372799,1194687,308328,111624,196704,2259158,1261175,997983,60472,35867,24605,361499,193205,168294,318574,161973,156601,1053056,626947,426109,412814,214527,198287
544,06,000,State - HARYANA,Total,25-29,2231959,1178340,1053619,358218,121597,236621,1873741,1056743,816998,55014,30562,24452,335355,171670,163685,284853,145101,139752,713538,446633,266905,429560,233409,196151
545,06,000,State - HARYANA,Total,30-34,1893591,976844,916747,412138,128697,283441,1481453,848147,633306,51594,27139,24455,304541,153554,150987,256118,138083,118035,534250,340506,193744,288285,164848,123437
546,06,000,State - HARYANA,Total,35-39,1761863,912717,849146,511940,154747,357193,1249923,757970,491953,49168,27450,21718,272460,141592,130868,203893,118248,85645,477739,325987,151752,204103,122738,81365
547,06,000,State - HARYANA,Total,40-44,1505950,790581,715369,546364,172689,373675,959586,617892,341694,42079,25368,16711,221076,121491,99585,158646,100766,57880,353867,257312,96555,148165,94167,53998
548,06,000,State - HARYANA,Total,45-49,1241814,655749,586065,499431,158702,340729,742383,497047,245336,32925,20913,12012,176288,103759,72529,129997,88831,41166,260093,194022,66071,113373,73792,39581
549,06,000,State - HARYANA,Total,50-54,965228,510688,454540,416621,137487,279134,548607,373201,175406,23141,14508,8633,117724,68631,49093,96911,69566,27345,197332,147939,49393,90534,60356,30178
550,06,000,State - HARYANA,Total,55-59,750938,374209,376729,347390,98511,248879,403548,275698,127850,17387,10491,6896,81013,44018,36995,63221,44743,18478,148762,114290,34472,75262,53130,22132
551,06,000,State - HARYANA,Total,60-64,844349,413958,430391,477707,155916,321791,366642,258042,108600,23545,15142,8403,90233,53841,36392,60668,45142,15526,118808,94474,24334,53242,39081,14161
552,06,000,State - HARYANA,Total,65-69,504439,255270,249169,300793,107047,193746,203646,148223,55423,14413,9773,4640,47891,30426,17465,32810,25150,7660,68151,55016,13135,28070,21335,6735
553,06,000,State - HARYANA,Total,70-74,374161,188304,185857,247893,95377,152516,126268,92927,33341,11531,8097,3434,30714,19994,10720,18843,14677,4166,38818,32131,6687,16688,12906,3782
554,06,000,State - HARYANA,Total,75-79,196217,97692,98525,135407,53054,82353,60810,44638,16172,7303,5366,1937,15633,10040,5593,8584,6569,2015,16491,13848,2643,7582,6062,1520
555,06,000,State - HARYANA,Total,80+,274589,133397,141192,202180,82416,119764,72409,50981,21428,9729,7419,2310,19820,13119,6701,10296,7521,2775,17193,13284,3909,7210,5257,1953
556,06,000,State - HARYANA,Total,Age not stated,31534,16888,14646,11212,5002,6210,20322,11886,8436,3063,1799,1264,3825,2080,1745,2832,1586,1246,5359,3325,2034,2197,1201,996
557,06,000,State - HARYANA,Rural,All ages,16509359,8774006,7735353,6350917,2633907,3717010,10158442,6140099,4018343,1721502,979683,741819,2663725,1481060,1182665,1790768,1044222,746546,3163290,2113805,1049485,565061,381815,183246
558,06,000,State - HARYANA,Rural,0-6,2285112,1245090,1040022,2285112,1245090,1040022,0,0,0,0,0,0,0,0,0,0,0,0,0,0,0,0,0,0
559,06,000,State - HARYANA,Rural,7,333177,181029,152148,70249,36275,33974,262928,144754,118174,258728,142216,116512,0,0,0,0,0,0,0,0,0,0,0,0
560,06,000,State - HARYANA,Rural,8,348535,190498,158037,38732,18716,20016,309803,171782,138021,307119,170158,136961,0,0,0,0,0,0,0,0,0,0,0,0
561,06,000,State - HARYANA,Rural,9,315981,174478,141503,24635,11599,13036,291346,162879,128467,268413,150665,117748,20929,11049,9880,0,0,0,0,0,0,0,0,0
562,06,000,State - HARYANA,Rural,10,386126,214227,171899,32873,15222,17651,353253,199005,154248,261514,148652,112862,89285,48860,40425,0,0,0,0,0,0,0,0,0
563,06,000,State - HARYANA,Rural,11,343636,190067,153569,20119,8710,11409,323517,181357,142160,138290,79090,59200,183331,101177,82154,0,0,0,0,0,0,0,0,0
564,06,000,State - HARYANA,Rural,12,376432,208087,168345,22977,9417,13560,353455,198670,154785,77001,43707,33294,247548,138980,108568,26709,14738,11971,0,0,0,0,0,0
565,06,000,State - HARYANA,Rural,13,346721,188180,158541,19589,7621,11968,327132,180559,146573,34998,19236,15762,209798,117026,92772,80383,43267,37116,0,0,0,0,0,0
566,06,000,State - HARYANA,Rural,14,359944,195525,164419,23379,9105,14274,336565,186420,150145,20899,11211,9688,136887,77457,59430,176401,96473,79928,0,0,0,0,0,0
567,06,000,State - HARYANA,Rural,15,376899,207291,169608,27605,11313,16292,349294,195978,153316,15334,8249,7085,82469,47140,35329,170540,95500,75040,78227,43589,34638,0,0,0
568,06,000,State - HARYANA,Rural,16,372016,205491,166525,28506,11629,16877,343510,193862,149648,12813,6948,5865,57107,31892,25215,111110,63912,47198,159162,89251,69911,0,0,0
569,06,000,State - HARYANA,Rural,17,328020,182705,145315,24684,9970,14714,303336,172735,130601,9575,5310,4265,42995,23404,19591,58089,33552,24537,189112,108486,80626,0,0,0
570,06,000,State - HARYANA,Rural,18,407575,227291,180284,41694,16912,24782,365881,210379,155502,12735,7456,5279,60112,33043,27069,54094,29719,24375,233119,136916,96203,0,0,0
571,06,000,State - HARYANA,Rural,19,315481,171613,143868,29871,10773,19098,285610,160840,124770,8920,5185,3735,45440,24067,21373,37523,19045,18478,188678,109768,78910,0,0,0
572,06,000,State - HARYANA,Rural,20-24,1658579,889577,769002,217568,74424,143144,1441011,815153,625858,45040,26596,18444,271705,143152,128553,222370,109029,113341,692991,419908,273083,175452,98275,77177
573,06,000,State - HARYANA,Rural,25-29,1384241,737729,646512,252770,82768,170002,1131471,654961,476510,41721,23170,18551,252360,128040,124320,194126,95899,98227,453825,291781,162044,156930,98513,58417
574,06,000,State - HARYANA,Rural,30-34,1174200,605409,568791,301150,90725,210425,873050,514684,358366,39386,20790,18596,231068,116302,114766,176968,94600,82368,313064,208674,104390,85363,60117,25246
575,06,000,State - HARYANA,Rural,35-39,1097613,569510,528103,381576,111676,269900,716037,457834,258203,37196,20998,16198,199976,105070,94906,133878,79372,54506,271182,200930,70252,48954,38303,10651
576,06,000,State - HARYANA,Rural,40-44,947369,495956,451413,418943,129780,289163,528426,366176,162250,31778,19478,12300,158707,89574,69133,98784,66686,32098,186836,152545,34291,31288,26366,4922
577,06,000,State - HARYANA,Rural,45-49,765054,403338,361716,382713,120572,262141,382341,282766,99575,24098,15831,8267,120872,75214,45658,77197,58388,18809,123114,106133,16981,20482,17876,2606
578,06,000,State - HARYANA,Rural,50-54,590288,310495,279793,322423,106682,215741,267865,203813,64052,16551,10855,5696,77646,48790,28856,58265,46887,11378,87991,76948,11043,14783,13211,1572
579,06,000,State - HARYANA,Rural,55-59,462888,224344,238544,272513,77818,194695,190375,146526,43849,12266,7941,4325,51102,30833,20269,36750,30008,6742,67325,60357,6968,13194,12187,1007
580,06,000,State - HARYANA,Rural,60-64,573957,276636,297321,387185,128585,258600,186772,148051,38721,16717,11677,5040,57475,38935,18540,35975,30980,4995,54873,50848,4025,9464,8904,560
581,06,000,State - HARYANA,Rural,65-69,343427,171739,171688,243712,89476,154236,99715,82263,17452,9835,7574,2261,28754,21600,7154,19130,16949,2181,30409,28029,2380,4114,3866,248
582,06,000,State - HARYANA,Rural,70-74,260398,130774,129624,199977,80106,119871,60421,50668,9753,7511,6092,1419,17144,13604,3540,10839,9801,1038,16673,15657,1016,2275,2095,180
583,06,000,State - HARYANA,Rural,75-79,136964,68101,68863,109683,45291,64392,27281,22810,4471,4644,3945,699,7867,6294,1573,4412,4014,398,6294,5941,353,834,757,77
584,06,000,State - HARYANA,Rural,80+,198145,97815,100330,162686,70128,92558,35459,27687,7772,6198,5334,864,10364,8051,2313,5315,4352,963,7138,5939,1199,1192,904,288
585,06,000,State - HARYANA,Rural,Age not stated,20581,11011,9570,7993,3524,4469,12588,7487,5101,2222,1319,903,2784,1506,1278,1910,1051,859,3277,2105,1172,736,441,295
586,06,000,State - HARYANA,Urban,All ages,8842103,4720728,4121375,2401557,1066760,1334797,6440546,3653968,2786578,751643,423329,328314,1108297,594274,514023,914514,513448,401066,2180488,1312630,867858,1312024,720994,591030
587,06,000,State - HARYANA,Urban,0-6,1095609,598019,497590,1095609,598019,497590,0,0,0,0,0,0,0,0,0,0,0,0,0,0,0,0,0,0
588,06,000,State - HARYANA,Urban,7,164572,89965,74607,33959,17839,16120,130613,72126,58487,127174,70080,57094,0,0,0,0,0,0,0,0,0,0,0,0
589,06,000,State - HARYANA,Urban,8,165372,91157,74215,19268,9884,9384,146104,81273,64831,144023,80031,63992,0,0,0,0,0,0,0,0,0,0,0,0
590,06,000,State - HARYANA,Urban,9,152918,85378,67540,13212,6727,6485,139706,78651,61055,125645,70907,54738,12362,6681,5681,0,0,0,0,0,0,0,0,0
591,06,000,State - HARYANA,Urban,10,187576,106091,81485,17458,8969,8489,170118,97122,72996,116779,67531,49248,51437,28433,23004,0,0,0,0,0,0,0,0,0
592,06,000,State - HARYANA,Urban,11,163248,91972,71276,10348,5244,5104,152900,86728,66172,55722,32351,23371,95791,53533,42258,0,0,0,0,0,0,0,0,0
593,06,000,State - HARYANA,Urban,12,174458,97666,76792,11247,5662,5585,163211,92004,71207,30986,17901,13085,114594,64690,49904,16257,8588,7669,0,0,0,0,0,0
594,06,000,State - HARYANA,Urban,13,161985,89072,72913,9229,4514,4715,152756,84558,68198,14868,8290,6578,89994,50831,39163,46645,24680,21965,0,0,0,0,0,0
595,06,000,State - HARYANA,Urban,14,168552,93249,75303,10346,5004,5342,158206,88245,69961,8548,4883,3665,52062,29899,22163,96219,52633,43586,0,0,0,0,0,0
596,06,000,State - HARYANA,Urban,15,176828,98785,78043,12548,6556,5992,164280,92229,72051,6156,3561,2595,30737,17929,12808,78557,44629,33928,47274,25182,22092,0,0,0
597,06,000,State - HARYANA,Urban,16,173619,97342,76277,12234,6233,6001,161385,91109,70276,4528,2661,1867,20125,11616,8509,44551,26192,18359,90435,49571,40864,0,0,0
598,06,000,State - HARYANA,Urban,17,162373,91537,70836,10835,5680,5155,151538,85857,65681,3425,2087,1338,15239,9087,6152,23323,13855,9468,107781,59780,48001,0,0,0
599,06,000,State - HARYANA,Urban,18,200216,113677,86539,17683,9051,8632,182533,104626,77907,4403,2743,1660,20165,12050,8115,22598,13577,9021,132480,74495,57985,0,0,0
600,06,000,State - HARYANA,Urban,19,164363,91816,72547,12851,6067,6784,151512,85749,65763,3185,2009,1176,15543,9070,6473,16037,9354,6683,114053,63683,50370,0,0,0
601,06,000,State - HARYANA,Urban,20-24,908907,483222,425685,90760,37200,53560,818147,446022,372125,15432,9271,6161,89794,50053,39741,96204,52944,43260,360065,207039,153026,237362,116252,121110
602,06,000,State - HARYANA,Urban,25-29,847718,440611,407107,105448,38829,66619,742270,401782,340488,13293,7392,5901,82995,43630,39365,90727,49202,41525,259713,154852,104861,272630,134896,137734
603,06,000,State - HARYANA,Urban,30-34,719391,371435,347956,110988,37972,73016,608403,333463,274940,12208,6349,5859,73473,37252,36221,79150,43483,35667,221186,131832,89354,202922,104731,98191
604,06,000,State - HARYANA,Urban,35-39,664250,343207,321043,130364,43071,87293,533886,300136,233750,11972,6452,5520,72484,36522,35962,70015,38876,31139,206557,125057,81500,155149,84435,70714
605,06,000,State - HARYANA,Urban,40-44,558581,294625,263956,127421,42909,84512,431160,251716,179444,10301,5890,4411,62369,31917,30452,59862,34080,25782,167031,104767,62264,116877,67801,49076
606,06,000,State - HARYANA,Urban,45-49,476760,252411,224349,116718,38130,78588,360042,214281,145761,8827,5082,3745,55416,28545,26871,52800,30443,22357,136979,87889,49090,92891,55916,36975
607,06,000,State - HARYANA,Urban,50-54,374940,200193,174747,94198,30805,63393,280742,169388,111354,6590,3653,2937,40078,19841,20237,38646,22679,15967,109341,70991,38350,75751,47145,28606
608,06,000,State - HARYANA,Urban,55-59,288050,149865,138185,74877,20693,54184,213173,129172,84001,5121,2550,2571,29911,13185,16726,26471,14735,11736,81437,53933,27504,62068,40943,21125
609,06,000,State - HARYANA,Urban,60-64,270392,137322,133070,90522,27331,63191,179870,109991,69879,6828,3465,3363,32758,14906,17852,24693,14162,10531,63935,43626,20309,43778,30177,13601
610,06,000,State - HARYANA,Urban,65-69,161012,83531,77481,57081,17571,39510,103931,65960,37971,4578,2199,2379,19137,8826,10311,13680,8201,5479,37742,26987,10755,23956,17469,6487
611,06,000,State - HARYANA,Urban,70-74,113763,57530,56233,47916,15271,32645,65847,42259,23588,4020,2005,2015,13570,6390,7180,8004,4876,3128,22145,16474,5671,14413,10811,3602
612,06,000,State - HARYANA,Urban,75-79,59253,29591,29662,25724,7763,17961,33529,21828,11701,2659,1421,1238,7766,3746,4020,4172,2555,1617,10197,7907,2290,6748,5305,1443
613,06,000,State - HARYANA,Urban,80+,76444,35582,40862,39494,12288,27206,36950,23294,13656,3531,2085,1446,9456,5068,4388,4981,3169,1812,10055,7345,2710,6018,4353,1665
614,06,000,State - HARYANA,Urban,Age not stated,10953,5877,5076,3219,1478,1741,7734,4399,3335,841,480,361,1041,574,467,922,535,387,2082,1220,862,1461,760,701
615,07,000,State - NCT OF DELHI,Total,All ages,16787941,8987326,7800615,4050174,1792470,2257704,12737767,7194856,5542911,1458061,796975,661086,2230894,1197622,1033272,1931411,1099958,831453,3891873,2316711,1575162,2757844,1535972,1221872
616,07,000,State - NCT OF DELHI,Total,0-6,2012454,1075440,937014,2012454,1075440,937014,0,0,0,0,0,0,0,0,0,0,0,0,0,0,0,0,0,0
617,07,000,State - NCT OF DELHI,Total,7,306299,163769,142530,61139,32432,28707,245160,131337,113823,240773,128785,111988,0,0,0,0,0,0,0,0,0,0,0,0
618,07,000,State - NCT OF DELHI,Total,8,308389,166754,141635,26223,13845,12378,282166,152909,129257,278923,151036,127887,0,0,0,0,0,0,0,0,0,0,0,0
619,07,000,State - NCT OF DELHI,Total,9,290030,157860,132170,18560,9693,8867,271470,148167,123303,246618,135099,111519,22127,11465,10662,0,0,0,0,0,0,0,0,0
620,07,000,State - NCT OF DELHI,Total,10,363540,199751,163789,24692,13003,11689,338848,186748,152100,237405,132777,104628,98066,51989,46077,0,0,0,0,0,0,0,0,0
621,07,000,State - NCT OF DELHI,Total,11,313738,170780,142958,13409,6945,6464,300329,163835,136494,109135,61331,47804,188232,100818,87414,0,0,0,0,0,0,0,0,0
622,07,000,State - NCT OF DELHI,Total,12,335583,183037,152546,13116,6794,6322,322467,176243,146224,55993,31575,24418,236942,129166,107776,26337,13641,12696,0,0,0,0,0,0
623,07,000,State - NCT OF DELHI,Total,13,310246,166567,143679,10723,5292,5431,299523,161275,138248,25014,13791,11223,190830,104399,86431,80693,41399,39294,0,0,0,0,0,0
624,07,000,State - NCT OF DELHI,Total,14,325040,175311,149729,12357,6086,6271,312683,169225,143458,14316,7975,6341,114207,64170,50037,180801,95177,85624,0,0,0,0,0,0
625,07,000,State - NCT OF DELHI,Total,15,334622,183018,151604,16184,8500,7684,318438,174518,143920,9867,5733,4134,65309,37582,27727,172977,94616,78361,66470,34313,32157,0,0,0
626,07,000,State - NCT OF DELHI,Total,16,327551,179164,148387,16153,8581,7572,311398,170583,140815,7833,4575,3258,44172,25292,18880,113894,64223,49671,141190,73999,67191,0,0,0
627,07,000,State - NCT OF DELHI,Total,17,309686,171583,138103,14866,7958,6908,294820,163625,131195,6334,3858,2476,34534,20311,14223,66177,38443,27734,182958,98175,84783,0,0,0
628,07,000,State - NCT OF DELHI,Total,18,384172,217908,166264,26641,14673,11968,357531,203235,154296,8924,5739,3185,48142,29376,18766,60112,36285,23827,232385,127014,105371,0,0,0
629,07,000,State - NCT OF DELHI,Total,19,311344,173445,137899,17842,8973,8869,293502,164472,129030,6151,3824,2327,35105,21230,13875,38926,22951,15975,206021,112250,93771,0,0,0
630,07,000,State - NCT OF DELHI,Total,20-24,1764060,951411,812649,142825,60344,82481,1621235,891067,730168,31877,18908,12969,202184,116740,85444,225631,128483,97148,665469,372645,292824,436162,221761,214401
631,07,000,State - NCT OF DELHI,Total,25-29,1668326,878196,790130,178431,64269,114162,1489895,813927,675968,28870,15237,13633,176273,95067,81206,218970,125761,93209,475394,276102,199292,517308,263302,254006
632,07,000,State - NCT OF DELHI,Total,30-34,1434699,757455,677244,195466,63846,131620,1239233,693609,545624,26264,13253,13011,148449,76172,72277,181479,105684,75795,414878,249662,165216,407439,217390,190049
633,07,000,State - NCT OF DELHI,Total,35-39,1319244,698455,620789,228968,73023,155945,1090276,625432,464844,25643,13027,12616,142389,71869,70520,154523,90960,63563,385256,240279,144977,328534,181501,147033
634,07,000,State - NCT OF DELHI,Total,40-44,1097197,590858,506339,217503,71456,146047,879694,519402,360292,21513,11361,10152,119460,61433,58027,116779,69752,47027,309873,199964,109909,269348,154585,114763
635,07,000,State - NCT OF DELHI,Total,45-49,911213,495227,415986,189834,62862,126972,721379,432365,289014,18325,10002,8323,98959,51902,47057,91739,55674,36065,249863,164164,85699,227916,132551,95365
636,07,000,State - NCT OF DELHI,Total,50-54,687469,376222,311247,141957,46567,95390,545512,329655,215857,13061,7106,5955,71266,36852,34414,62220,37606,24614,180290,118711,61579,193168,116046,77122
637,07,000,State - NCT OF DELHI,Total,55-59,508892,269185,239707,111029,30553,80476,397863,238632,159231,9882,4767,5115,51744,24772,26972,43142,25013,18129,126443,82144,44299,147779,92365,55414
638,07,000,State - NCT OF DELHI,Total,60-64,472019,238103,233916,142386,40586,101800,329633,197517,132116,12445,6200,6245,57528,28392,29136,41195,23974,17221,103940,67333,36607,97716,63261,34455
639,07,000,State - NCT OF DELHI,Total,65-69,272452,139398,133054,79461,22430,57031,192991,116968,76023,7467,3620,3847,31776,15037,16739,23135,13208,9927,65132,42221,22911,55481,37771,17710
640,07,000,State - NCT OF DELHI,Total,70-74,189250,94947,94303,60646,16797,43849,128604,78150,50454,5959,2788,3171,22934,10417,12517,14428,7735,6693,41711,27844,13867,36698,25900,10798
641,07,000,State - NCT OF DELHI,Total,75-79,100693,50446,50247,30139,7752,22387,70554,42694,27860,3626,1677,1949,13448,5537,7911,8116,3981,4135,21255,14280,6975,20343,15314,5029
642,07,000,State - NCT OF DELHI,Total,80+,113031,53861,59170,42535,11583,30952,70496,42278,28218,4397,2134,2263,15015,6663,8352,8621,4506,4115,20373,13798,6575,17821,13112,4709
643,07,000,State - NCT OF DELHI,Total,Age not stated,16702,9175,7527,4635,2187,2448,12067,6988,5079,1446,797,649,1803,971,832,1516,886,630,2972,1813,1159,2131,1113,1018
644,07,000,State - NCT OF DELHI,Rural,All ages,419042,226321,192721,122442,51994,70448,296600,174327,122273,40394,22595,17799,59411,31897,27514,52739,30035,22704,106976,67448,39528,28558,17725,10833
645,07,000,State - NCT OF DELHI,Rural,0-6,56716,31259,25457,56716,31259,25457,0,0,0,0,0,0,0,0,0,0,0,0,0,0,0,0,0,0
646,07,000,State - NCT OF DELHI,Rural,7,8514,4710,3804,1643,898,745,6871,3812,3059,6758,3744,3014,0,0,0,0,0,0,0,0,0,0,0,0
647,07,000,State - NCT OF DELHI,Rural,8,8534,4705,3829,719,382,337,7815,4323,3492,7746,4281,3465,0,0,0,0,0,0,0,0,0,0,0,0
648,07,000,State - NCT OF DELHI,Rural,9,7955,4505,3450,507,277,230,7448,4228,3220,6699,3825,2874,686,360,326,0,0,0,0,0,0,0,0,0
649,07,000,State - NCT OF DELHI,Rural,10,10471,5823,4648,738,383,355,9733,5440,4293,6798,3847,2951,2861,1540,1321,0,0,0,0,0,0,0,0,0
650,07,000,State - NCT OF DELHI,Rural,11,8562,4770,3792,388,186,202,8174,4584,3590,3047,1778,1269,5072,2778,2294,0,0,0,0,0,0,0,0,0
651,07,000,State - NCT OF DELHI,Rural,12,9423,5240,4183,388,179,209,9035,5061,3974,1766,999,767,6463,3629,2834,754,405,349,0,0,0,0,0,0
652,07,000,State - NCT OF DELHI,Rural,13,8617,4835,3782,268,127,141,8349,4708,3641,792,453,339,5148,2981,2167,2350,1240,1110,0,0,0,0,0,0
653,07,000,State - NCT OF DELHI,Rural,14,8810,4811,3999,356,161,195,8454,4650,3804,435,234,201,3091,1800,1291,4869,2589,2280,0,0,0,0,0,0
654,07,000,State - NCT OF DELHI,Rural,15,9078,4996,4082,495,226,269,8583,4770,3813,282,164,118,1902,1111,791,4544,2518,2026,1774,932,842,0,0,0
655,07,000,State - NCT OF DELHI,Rural,16,8989,4988,4001,456,226,230,8533,4762,3771,254,125,129,1205,688,517,3288,1932,1356,3706,1975,1731,0,0,0
656,07,000,State - NCT OF DELHI,Rural,17,8211,4707,3504,443,232,211,7768,4475,3293,152,87,65,989,595,394,1877,1113,764,4627,2600,2027,0,0,0
657,07,000,State - NCT OF DELHI,Rural,18,10169,5802,4367,834,409,425,9335,5393,3942,296,180,116,1382,840,542,1568,941,627,5933,3338,2595,0,0,0
658,07,000,State - NCT OF DELHI,Rural,19,7920,4423,3497,538,234,304,7382,4189,3193,174,117,57,958,539,419,1015,609,406,5095,2847,2248,0,0,0
659,07,000,State - NCT OF DELHI,Rural,20-24,44407,23805,20602,4115,1527,2588,40292,22278,18014,857,483,374,5367,2999,2368,6206,3443,2763,19861,11191,8670,6811,3516,3295
660,07,000,State - NCT OF DELHI,Rural,25-29,39250,20584,18666,4952,1604,3348,34298,18980,15318,689,357,332,4531,2358,2173,5841,3164,2677,14797,8582,6215,7090,3823,3267
661,07,000,State - NCT OF DELHI,Rural,30-34,33833,17431,16402,5663,1604,4059,28170,15827,12343,642,326,316,3987,1872,2115,5340,2820,2520,12516,7510,5006,4561,2709,1852
662,07,000,State - NCT OF DELHI,Rural,35-39,31648,16738,14910,6888,1934,4954,24760,14804,9956,669,326,343,3736,1733,2003,4422,2476,1946,11733,7610,4123,3207,2163,1044
663,07,000,State - NCT OF DELHI,Rural,40-44,25962,14180,11782,7193,2196,4997,18769,11984,6785,582,300,282,3278,1542,1736,3340,1915,1425,8650,6149,2501,2163,1645,518
664,07,000,State - NCT OF DELHI,Rural,45-49,19676,10981,8695,6041,1822,4219,13635,9159,4476,449,224,225,2537,1238,1299,2474,1479,995,6316,4859,1457,1348,1068,280
665,07,000,State - NCT OF DELHI,Rural,50-54,14347,7917,6430,4770,1312,3458,9577,6605,2972,323,178,145,1899,930,969,1523,963,560,4279,3428,851,1114,885,229
666,07,000,State - NCT OF DELHI,Rural,55-59,10299,5372,4927,3809,867,2942,6490,4505,1985,224,111,113,1239,565,674,1046,672,374,2793,2258,535,908,764,144
667,07,000,State - NCT OF DELHI,Rural,60-64,11624,5700,5924,5432,1275,4157,6192,4425,1767,318,170,148,1498,813,685,1074,760,314,2341,1952,389,670,561,109
668,07,000,State - NCT OF DELHI,Rural,65-69,6123,3125,2998,3060,750,2310,3063,2375,688,150,80,70,669,397,272,568,469,99,1208,1050,158,296,265,31
669,07,000,State - NCT OF DELHI,Rural,70-74,4318,2171,2147,2429,650,1779,1889,1521,368,97,67,30,447,273,174,330,287,43,711,653,58,192,171,21
670,07,000,State - NCT OF DELHI,Rural,75-79,2047,980,1067,1312,376,936,735,604,131,59,47,12,173,120,53,118,101,17,249,231,18,80,69,11
671,07,000,State - NCT OF DELHI,Rural,80+,3022,1482,1540,2114,807,1307,908,675,233,73,61,12,236,168,68,151,115,36,293,229,64,86,68,18
672,07,000,State - NCT OF DELHI,Rural,Age not stated,517,281,236,175,91,84,342,190,152,63,31,32,57,28,29,41,24,17,94,54,40,32,18,14
673,07,000,State - NCT OF DELHI,Urban,All ages,16368899,8761005,7607894,3927732,1740476,2187256,12441167,7020529,5420638,1417667,774380,643287,2171483,1165725,1005758,1878672,1069923,808749,3784897,2249263,1535634,2729286,1518247,1211039
674,07,000,State - NCT OF DELHI,Urban,0-6,1955738,1044181,911557,1955738,1044181,911557,0,0,0,0,0,0,0,0,0,0,0,0,0,0,0,0,0,0
675,07,000,State - NCT OF DELHI,Urban,7,297785,159059,138726,59496,31534,27962,238289,127525,110764,234015,125041,108974,0,0,0,0,0,0,0,0,0,0,0,0
676,07,000,State - NCT OF DELHI,Urban,8,299855,162049,137806,25504,13463,12041,274351,148586,125765,271177,146755,124422,0,0,0,0,0,0,0,0,0,0,0,0
677,07,000,State - NCT OF DELHI,Urban,9,282075,153355,128720,18053,9416,8637,264022,143939,120083,239919,131274,108645,21441,11105,10336,0,0,0,0,0,0,0,0,0
678,07,000,State - NCT OF DELHI,Urban,10,353069,193928,159141,23954,12620,11334,329115,181308,147807,230607,128930,101677,95205,50449,44756,0,0,0,0,0,0,0,0,0
679,07,000,State - NCT OF DELHI,Urban,11,305176,166010,139166,13021,6759,6262,292155,159251,132904,106088,59553,46535,183160,98040,85120,0,0,0,0,0,0,0,0,0
680,07,000,State - NCT OF DELHI,Urban,12,326160,177797,148363,12728,6615,6113,313432,171182,142250,54227,30576,23651,230479,125537,104942,25583,13236,12347,0,0,0,0,0,0
681,07,000,State - NCT OF DELHI,Urban,13,301629,161732,139897,10455,5165,5290,291174,156567,134607,24222,13338,10884,185682,101418,84264,78343,40159,38184,0,0,0,0,0,0
682,07,000,State - NCT OF DELHI,Urban,14,316230,170500,145730,12001,5925,6076,304229,164575,139654,13881,7741,6140,111116,62370,48746,175932,92588,83344,0,0,0,0,0,0
683,07,000,State - NCT OF DELHI,Urban,15,325544,178022,147522,15689,8274,7415,309855,169748,140107,9585,5569,4016,63407,36471,26936,168433,92098,76335,64696,33381,31315,0,0,0
684,07,000,State - NCT OF DELHI,Urban,16,318562,174176,144386,15697,8355,7342,302865,165821,137044,7579,4450,3129,42967,24604,18363,110606,62291,48315,137484,72024,65460,0,0,0
685,07,000,State - NCT OF DELHI,Urban,17,301475,166876,134599,14423,7726,6697,287052,159150,127902,6182,3771,2411,33545,19716,13829,64300,37330,26970,178331,95575,82756,0,0,0
686,07,000,State - NCT OF DELHI,Urban,18,374003,212106,161897,25807,14264,11543,348196,197842,150354,8628,5559,3069,46760,28536,18224,58544,35344,23200,226452,123676,102776,0,0,0
687,07,000,State - NCT OF DELHI,Urban,19,303424,169022,134402,17304,8739,8565,286120,160283,125837,5977,3707,2270,34147,20691,13456,37911,22342,15569,200926,109403,91523,0,0,0
688,07,000,State - NCT OF DELHI,Urban,20-24,1719653,927606,792047,138710,58817,79893,1580943,868789,712154,31020,18425,12595,196817,113741,83076,219425,125040,94385,645608,361454,284154,429351,218245,211106
689,07,000,State - NCT OF DELHI,Urban,25-29,1629076,857612,771464,173479,62665,110814,1455597,794947,660650,28181,14880,13301,171742,92709,79033,213129,122597,90532,460597,267520,193077,510218,259479,250739
690,07,000,State - NCT OF DELHI,Urban,30-34,1400866,740024,660842,189803,62242,127561,1211063,677782,533281,25622,12927,12695,144462,74300,70162,176139,102864,73275,402362,242152,160210,402878,214681,188197
691,07,000,State - NCT OF DELHI,Urban,35-39,1287596,681717,605879,222080,71089,150991,1065516,610628,454888,24974,12701,12273,138653,70136,68517,150101,88484,61617,373523,232669,140854,325327,179338,145989
692,07,000,State - NCT OF DELHI,Urban,40-44,1071235,576678,494557,210310,69260,141050,860925,507418,353507,20931,11061,9870,116182,59891,56291,113439,67837,45602,301223,193815,107408,267185,152940,114245
693,07,000,State - NCT OF DELHI,Urban,45-49,891537,484246,407291,183793,61040,122753,707744,423206,284538,17876,9778,8098,96422,50664,45758,89265,54195,35070,243547,159305,84242,226568,131483,95085
694,07,000,State - NCT OF DELHI,Urban,50-54,673122,368305,304817,137187,45255,91932,535935,323050,212885,12738,6928,5810,69367,35922,33445,60697,36643,24054,176011,115283,60728,192054,115161,76893
695,07,000,State - NCT OF DELHI,Urban,55-59,498593,263813,234780,107220,29686,77534,391373,234127,157246,9658,4656,5002,50505,24207,26298,42096,24341,17755,123650,79886,43764,146871,91601,55270
696,07,000,State - NCT OF DELHI,Urban,60-64,460395,232403,227992,136954,39311,97643,323441,193092,130349,12127,6030,6097,56030,27579,28451,40121,23214,16907,101599,65381,36218,97046,62700,34346
697,07,000,State - NCT OF DELHI,Urban,65-69,266329,136273,130056,76401,21680,54721,189928,114593,75335,7317,3540,3777,31107,14640,16467,22567,12739,9828,63924,41171,22753,55185,37506,17679
698,07,000,State - NCT OF DELHI,Urban,70-74,184932,92776,92156,58217,16147,42070,126715,76629,50086,5862,2721,3141,22487,10144,12343,14098,7448,6650,41000,27191,13809,36506,25729,10777
699,07,000,State - NCT OF DELHI,Urban,75-79,98646,49466,49180,28827,7376,21451,69819,42090,27729,3567,1630,1937,13275,5417,7858,7998,3880,4118,21006,14049,6957,20263,15245,5018
700,07,000,State - NCT OF DELHI,Urban,80+,110009,52379,57630,40421,10776,29645,69588,41603,27985,4324,2073,2251,14779,6495,8284,8470,4391,4079,20080,13569,6511,17735,13044,4691
701,07,000,State - NCT OF DELHI,Urban,Age not stated,16185,8894,7291,4460,2096,2364,11725,6798,4927,1383,766,617,1746,943,803,1475,862,613,2878,1759,1119,2099,1095,1004
702,08,000,State - RAJASTHAN,Total,All ages,68548437,35550997,32997440,30273155,11862585,18410570,38275282,23688412,14586870,8083827,4423518,3660309,10524424,6143552,4380872,7319223,4788350,2530873,7298204,5056123,2242081,3063282,2086247,977035
703,08,000,State - RAJASTHAN,Total,0-6,10649504,5639176,5010328,10649504,5639176,5010328,0,0,0,0,0,0,0,0,0,0,0,0,0,0,0,0,0,0
704,08,000,State - RAJASTHAN,Total,7,1523671,802370,721301,460716,221803,238913,1062955,580567,482388,1032790,562425,470365,0,0,0,0,0,0,0,0,0,0,0,0
705,08,000,State - RAJASTHAN,Total,8,1767805,932409,835396,301227,131326,169901,1466578,801083,665495,1439346,784758,654588,0,0,0,0,0,0,0,0,0,0,0,0
706,08,000,State - RAJASTHAN,Total,9,1403928,743492,660436,164830,67923,96907,1239098,675569,563529,1051035,570046,480989,167763,93444,74319,0,0,0,0,0,0,0,0,0
707,08,000,State - RAJASTHAN,Total,10,1973335,1046140,927195,249872,99137,150735,1723463,947003,776460,1137363,616794,520569,557872,313641,244231,0,0,0,0,0,0,0,0,0
708,08,000,State - RAJASTHAN,Total,11,1520709,809002,711707,138238,50187,88051,1382471,758815,623656,536515,285010,251505,824032,461087,362945,0,0,0,0,0,0,0,0,0
709,08,000,State - RAJASTHAN,Total,12,1799936,955169,844767,189710,64001,125709,1610226,891168,719058,368631,191055,177576,1022531,572772,449759,190730,111591,79139,0,0,0,0,0,0
710,08,000,State - RAJASTHAN,Total,13,1523295,795839,727456,148262,45740,102522,1375033,750099,624934,173113,83324,89789,779554,425976,353578,396791,227062,169729,0,0,0,0,0,0
711,08,000,State - RAJASTHAN,Total,14,1563243,824546,738697,161841,49330,112511,1401402,775216,626186,115940,52697,63243,566664,305167,261497,688896,401723,287173,0,0,0,0,0,0
712,08,000,State - RAJASTHAN,Total,15,1619644,867769,751875,197377,63517,133860,1422267,804252,618015,96840,43667,53173,417861,221721,196140,564090,334622,229468,306729,184664,122065,0,0,0
713,08,000,State - RAJASTHAN,Total,16,1555943,831610,724333,193777,59600,134177,1362166,772010,590156,80662,35227,45435,321525,163736,157789,430120,254178,175942,489693,297482,192211,0,0,0
714,08,000,State - RAJASTHAN,Total,17,1235765,666499,569266,147961,42996,104965,1087804,623503,464301,54704,24277,30427,217334,108915,108419,260940,151881,109059,518562,318701,199861,0,0,0
715,08,000,State - RAJASTHAN,Total,18,1757598,931689,825909,302947,82869,220078,1454651,848820,605831,87577,41205,46372,330720,172799,157921,314252,185006,129246,661591,416318,245273,0,0,0
716,08,000,State - RAJASTHAN,Total,19,1145067,592307,552760,189451,43391,146060,955616,548916,406700,50897,23224,27673,195751,98450,97301,191618,109342,82276,475473,295044,180429,0,0,0
717,08,000,State - RAJASTHAN,Total,20-24,6426494,3377483,3049011,1478273,359330,1118943,4948221,3018153,1930068,301607,151291,150316,1162572,649005,513567,1058699,666009,392690,1459090,969115,489975,695038,424844,270194
718,08,000,State - RAJASTHAN,Total,25-29,5348497,2763059,2585438,1664162,410620,1253542,3684335,2352439,1331896,262377,135192,127185,907367,538184,369183,809871,548568,261303,782935,551537,231398,671930,429503,242427
719,08,000,State - RAJASTHAN,Total,30-34,4722683,2384569,2338114,1813709,459975,1353734,2908974,1924594,984380,239113,126799,112314,715497,435167,280330,651128,465422,185706,630202,462298,167904,463937,309955,153982
720,08,000,State - RAJASTHAN,Total,35-39,4334564,2201790,2132774,1928554,536668,1391886,2406010,1665122,740888,214273,122582,91691,589448,376638,212810,540412,405827,134585,540109,411901,128208,338841,236398,102443
721,08,000,State - RAJASTHAN,Total,40-44,3735355,1926916,1808439,1866346,594410,1271936,1869009,1332506,536503,184294,115146,69148,452711,298709,154002,392960,299676,93284,425020,333440,91580,262153,190917,71236
722,08,000,State - RAJASTHAN,Total,45-49,3145404,1608512,1536892,1705218,565221,1139997,1440186,1043291,396895,157069,104437,52632,359836,244936,114900,275555,209233,66322,314802,248869,65933,208248,157341,50907
723,08,000,State - RAJASTHAN,Total,50-54,2516808,1345007,1171801,1426540,533298,893242,1090268,811709,278559,127527,90051,37476,286718,203940,82778,198257,152854,45403,225499,181051,44448,155131,120083,35048
724,08,000,State - RAJASTHAN,Total,55-59,1897449,935866,961583,1141921,376173,765748,755528,559693,195835,92827,64323,28504,198915,139347,59568,127985,97489,30496,161575,132052,29523,103746,81912,21834
725,08,000,State - RAJASTHAN,Total,60-64,1770139,884024,886115,1174391,435178,739213,595748,448846,146902,87379,63376,24003,168387,121032,47355,90646,68746,21900,120878,101602,19276,66676,54223,12453
726,08,000,State - RAJASTHAN,Total,65-69,1260376,589471,670905,883989,307468,576521,376387,282003,94384,62614,45610,17004,105261,75349,29912,51791,38376,13415,76626,64186,12440,37790,31937,5853
727,08,000,State - RAJASTHAN,Total,70-74,1016915,490011,526904,765119,296348,468771,251796,193663,58133,48705,37225,11480,71114,53228,17886,29947,22780,7167,44065,37703,6362,24854,21497,3357
728,08,000,State - RAJASTHAN,Total,75-79,477655,216016,261639,358191,125960,232231,119464,90056,29408,24579,18129,6450,33048,24033,9015,13444,10114,3330,19801,16934,2867,12396,10919,1477
729,08,000,State - RAJASTHAN,Total,80+,587053,252741,334312,456896,158803,298093,130157,93938,36219,27092,19959,7133,37467,26727,10740,16171,11819,4352,18859,15036,3823,10722,8671,2051
730,08,000,State - RAJASTHAN,Total,Age not stated,269602,137515,132087,114133,42137,71996,155469,95378,60091,28958,15689,13269,34476,19549,14927,24920,16032,8888,26695,18190,8505,11820,8047,3773
731,08,000,State - RAJASTHAN,Rural,All ages,51500352,26641747,24858605,25028566,9737158,15291408,26471786,16904589,9567197,6350821,3506792,2844029,8056837,4849831,3207006,5238474,3592691,1645783,4288581,3177365,1111216,1130814,905012,225802
732,08,000,State - RAJASTHAN,Rural,0-6,8414883,4446599,3968284,8414883,4446599,3968284,0,0,0,0,0,0,0,0,0,0,0,0,0,0,0,0,0,0
733,08,000,State - RAJASTHAN,Rural,7,1188113,624090,564023,375931,179076,196855,812182,445014,367168,789466,431352,358114,0,0,0,0,0,0,0,0,0,0,0,0
734,08,000,State - RAJASTHAN,Rural,8,1401479,736168,665311,249259,106434,142825,1152220,629734,522486,1130906,616991,513915,0,0,0,0,0,0,0,0,0,0,0,0
735,08,000,State - RAJASTHAN,Rural,9,1092828,575854,516974,133055,52846,80209,959773,523008,436765,819407,443070,376337,124729,70703,54026,0,0,0,0,0,0,0,0,0
736,08,000,State - RAJASTHAN,Rural,10,1555926,820171,735755,203585,77340,126245,1352341,742831,609510,908838,489901,418937,421401,240114,181287,0,0,0,0,0,0,0,0,0
737,08,000,State - RAJASTHAN,Rural,11,1181835,627418,554417,111241,37955,73286,1070594,589463,481131,429550,226491,203059,624105,353295,270810,0,0,0,0,0,0,0,0,0
738,08,000,State - RAJASTHAN,Rural,12,1414659,748140,666519,155760,48905,106855,1258899,699235,559664,298873,152835,146038,800925,451672,349253,136708,82446,54262,0,0,0,0,0,0
739,08,000,State - RAJASTHAN,Rural,13,1176802,614099,562703,120617,34300,86317,1056185,579799,476386,138902,65397,73505,614132,336829,277303,282931,166926,116005,0,0,0,0,0,0
740,08,000,State - RAJASTHAN,Rural,14,1207967,636904,571063,132447,37268,95179,1075520,599636,475884,94371,41586,52785,460050,247578,212472,497138,298141,198997,0,0,0,0,0,0
741,08,000,State - RAJASTHAN,Rural,15,1241255,664544,576711,161061,48052,113009,1080194,616492,463702,79153,34366,44787,341741,180955,160786,425311,256820,168491,204635,128934,75701,0,0,0
742,08,000,State - RAJASTHAN,Rural,16,1190644,636615,554029,159509,45242,114267,1031135,591373,439762,66324,27969,38355,265772,135105,130667,337896,202455,135441,329110,208915,120195,0,0,0
743,08,000,State - RAJASTHAN,Rural,17,909561,490892,418669,119636,31354,88282,789925,459538,330387,43696,18725,24971,175402,87337,88065,203199,119724,83475,339716,218705,121011,0,0,0
744,08,000,State - RAJASTHAN,Rural,18,1326719,700636,626083,252650,62882,189768,1074069,637754,436315,71171,32717,38454,270557,141271,129286,246936,147504,99432,438119,290104,148015,0,0,0
745,08,000,State - RAJASTHAN,Rural,19,828756,425396,403360,157448,32097,125351,671308,393299,278009,40245,17914,22331,156769,78559,78210,146685,85031,61654,295999,194611,101388,0,0,0
746,08,000,State - RAJASTHAN,Rural,20-24,4682761,2471674,2211087,1244374,283359,961015,3438387,2188315,1250072,242027,121838,120189,927852,528387,399465,798778,520539,278239,938457,663345,275112,331349,234867,96482
747,08,000,State - RAJASTHAN,Rural,25-29,3832693,1981853,1850840,1410165,337349,1072816,2422528,1644504,778024,210959,111904,99055,708848,437017,271831,586226,419039,167187,462563,354025,108538,280286,214388,65898
748,08,000,State - RAJASTHAN,Rural,30-34,3412817,1716111,1696706,1540730,386658,1154072,1872087,1329453,542634,190395,105347,85048,547779,351135,196644,463873,354223,109650,350376,284780,65596,175324,143762,31562
749,08,000,State - RAJASTHAN,Rural,35-39,3130395,1585834,1544561,1632144,456634,1175510,1498251,1129200,369051,167380,101068,66312,433392,297127,136265,371413,303323,68090,285291,245875,39416,116139,101309,14830
750,08,000,State - RAJASTHAN,Rural,40-44,2704801,1390594,1314207,1585042,513986,1071056,1119759,876608,243151,142723,95057,47666,322770,231941,90829,258136,217660,40476,214105,191819,22286,79714,72315,7399
751,08,000,State - RAJASTHAN,Rural,45-49,2265671,1150068,1115603,1449722,493627,956095,815949,656441,159508,119445,85716,33729,246036,186354,59682,167820,144395,23425,144648,132572,12076,55834,52080,3754
752,08,000,State - RAJASTHAN,Rural,50-54,1817629,968094,849535,1217406,470047,747359,600223,498047,102176,96256,73841,22415,193252,154049,39203,116426,102813,13613,95616,89150,6466,35388,33431,1957
753,08,000,State - RAJASTHAN,Rural,55-59,1383879,668669,715210,980435,334733,645702,403444,333936,69508,68736,52684,16052,131135,105142,25993,72209,64102,8107,65098,61512,3586,20651,19614,1037
754,08,000,State - RAJASTHAN,Rural,60-64,1343329,666272,677057,1013789,389716,624073,329540,276556,52984,64840,52108,12732,111047,91488,19559,50487,45152,5335,48658,46631,2027,12929,12408,521
755,08,000,State - RAJASTHAN,Rural,65-69,971320,448876,522444,763986,276436,487550,207334,172440,34894,45237,37097,8140,67571,56250,11321,27973,24339,3634,30221,27988,2233,7896,7604,292
756,08,000,State - RAJASTHAN,Rural,70-74,795430,382456,412974,659162,266345,392817,136268,116111,20157,34403,29587,4816,43744,37941,5803,15049,13519,1530,15503,14722,781,5080,4860,220
757,08,000,State - RAJASTHAN,Rural,75-79,364642,162014,202628,305822,112624,193198,58820,49390,9430,16069,13650,2419,18588,16121,2467,5924,5344,580,5885,5488,397,2018,1933,85
758,08,000,State - RAJASTHAN,Rural,80+,449071,193050,256021,380961,139377,241584,68110,53673,14437,17367,14479,2888,21190,17207,3983,7992,6385,1607,6657,5566,1091,2135,1851,284
759,08,000,State - RAJASTHAN,Rural,Age not stated,214487,108656,105831,97746,35917,61829,116741,72739,44002,24082,13102,10980,28050,16254,11796,19364,12811,6553,17924,12623,5301,6071,4590,1481
760,08,000,State - RAJASTHAN,Urban,All ages,17048085,8909250,8138835,5244589,2125427,3119162,11803496,6783823,5019673,1733006,916726,816280,2467587,1293721,1173866,2080749,1195659,885090,3009623,1878758,1130865,1932468,1181235,751233
761,08,000,State - RAJASTHAN,Urban,0-6,2234621,1192577,1042044,2234621,1192577,1042044,0,0,0,0,0,0,0,0,0,0,0,0,0,0,0,0,0,0
762,08,000,State - RAJASTHAN,Urban,7,335558,178280,157278,84785,42727,42058,250773,135553,115220,243324,131073,112251,0,0,0,0,0,0,0,0,0,0,0,0
763,08,000,State - RAJASTHAN,Urban,8,366326,196241,170085,51968,24892,27076,314358,171349,143009,308440,167767,140673,0,0,0,0,0,0,0,0,0,0,0,0
764,08,000,State - RAJASTHAN,Urban,9,311100,167638,143462,31775,15077,16698,279325,152561,126764,231628,126976,104652,43034,22741,20293,0,0,0,0,0,0,0,0,0
765,08,000,State - RAJASTHAN,Urban,10,417409,225969,191440,46287,21797,24490,371122,204172,166950,228525,126893,101632,136471,73527,62944,0,0,0,0,0,0,0,0,0
766,08,000,State - RAJASTHAN,Urban,11,338874,181584,157290,26997,12232,14765,311877,169352,142525,106965,58519,48446,199927,107792,92135,0,0,0,0,0,0,0,0,0
767,08,000,State - RAJASTHAN,Urban,12,385277,207029,178248,33950,15096,18854,351327,191933,159394,69758,38220,31538,221606,121100,100506,54022,29145,24877,0,0,0,0,0,0
768,08,000,State - RAJASTHAN,Urban,13,346493,181740,164753,27645,11440,16205,318848,170300,148548,34211,17927,16284,165422,89147,76275,113860,60136,53724,0,0,0,0,0,0
769,08,000,State - RAJASTHAN,Urban,14,355276,187642,167634,29394,12062,17332,325882,175580,150302,21569,11111,10458,106614,57589,49025,191758,103582,88176,0,0,0,0,0,0
770,08,000,State - RAJASTHAN,Urban,15,378389,203225,175164,36316,15465,20851,342073,187760,154313,17687,9301,8386,76120,40766,35354,138779,77802,60977,102094,55730,46364,0,0,0
771,08,000,State - RAJASTHAN,Urban,16,365299,194995,170304,34268,14358,19910,331031,180637,150394,14338,7258,7080,55753,28631,27122,92224,51723,40501,160583,88567,72016,0,0,0
772,08,000,State - RAJASTHAN,Urban,17,326204,175607,150597,28325,11642,16683,297879,163965,133914,11008,5552,5456,41932,21578,20354,57741,32157,25584,178846,99996,78850,0,0,0
773,08,000,State - RAJASTHAN,Urban,18,430879,231053,199826,50297,19987,30310,380582,211066,169516,16406,8488,7918,60163,31528,28635,67316,37502,29814,223472,126214,97258,0,0,0
774,08,000,State - RAJASTHAN,Urban,19,316311,166911,149400,32003,11294,20709,284308,155617,128691,10652,5310,5342,38982,19891,19091,44933,24311,20622,179474,100433,79041,0,0,0
775,08,000,State - RAJASTHAN,Urban,20-24,1743733,905809,837924,233899,75971,157928,1509834,829838,679996,59580,29453,30127,234720,120618,114102,259921,145470,114451,520633,305770,214863,363689,189977,173712
776,08,000,State - RAJASTHAN,Urban,25-29,1515804,781206,734598,253997,73271,180726,1261807,707935,553872,51418,23288,28130,198519,101167,97352,223645,129529,94116,320372,197512,122860,391644,215115,176529
777,08,000,State - RAJASTHAN,Urban,30-34,1309866,668458,641408,272979,73317,199662,1036887,595141,441746,48718,21452,27266,167718,84032,83686,187255,111199,76056,279826,177518,102308,288613,166193,122420
778,08,000,State - RAJASTHAN,Urban,35-39,1204169,615956,588213,296410,80034,216376,907759,535922,371837,46893,21514,25379,156056,79511,76545,168999,102504,66495,254818,166026,88792,222702,135089,87613
779,08,000,State - RAJASTHAN,Urban,40-44,1030554,536322,494232,281304,80424,200880,749250,455898,293352,41571,20089,21482,129941,66768,63173,134824,82016,52808,210915,141621,69294,182439,118602,63837
780,08,000,State - RAJASTHAN,Urban,45-49,879733,458444,421289,255496,71594,183902,624237,386850,237387,37624,18721,18903,113800,58582,55218,107735,64838,42897,170154,116297,53857,152414,105261,47153
781,08,000,State - RAJASTHAN,Urban,50-54,699179,376913,322266,209134,63251,145883,490045,313662,176383,31271,16210,15061,93466,49891,43575,81831,50041,31790,129883,91901,37982,119743,86652,33091
782,08,000,State - RAJASTHAN,Urban,55-59,513570,267197,246373,161486,41440,120046,352084,225757,126327,24091,11639,12452,67780,34205,33575,55776,33387,22389,96477,70540,25937,83095,62298,20797
783,08,000,State - RAJASTHAN,Urban,60-64,426810,217752,209058,160602,45462,115140,266208,172290,93918,22539,11268,11271,57340,29544,27796,40159,23594,16565,72220,54971,17249,53747,41815,11932
784,08,000,State - RAJASTHAN,Urban,65-69,289056,140595,148461,120003,31032,88971,169053,109563,59490,17377,8513,8864,37690,19099,18591,23818,14037,9781,46405,36198,10207,29894,24333,5561
785,08,000,State - RAJASTHAN,Urban,70-74,221485,107555,113930,105957,30003,75954,115528,77552,37976,14302,7638,6664,27370,15287,12083,14898,9261,5637,28562,22981,5581,19774,16637,3137
786,08,000,State - RAJASTHAN,Urban,75-79,113013,54002,59011,52369,13336,39033,60644,40666,19978,8510,4479,4031,14460,7912,6548,7520,4770,2750,13916,11446,2470,10378,8986,1392
787,08,000,State - RAJASTHAN,Urban,80+,137982,59691,78291,75935,19426,56509,62047,40265,21782,9725,5480,4245,16277,9520,6757,8179,5434,2745,12202,9470,2732,8587,6820,1767
788,08,000,State - RAJASTHAN,Urban,Age not stated,55115,28859,26256,16387,6220,10167,38728,22639,16089,4876,2587,2289,6426,3295,3131,5556,3221,2335,8771,5567,3204,5749,3457,2292
789,09,000,State - UTTAR PRADESH,Total,All ages,199812341,104480510,95331831,85414786,36245546,49169240,114397555,68234964,46162591,21424480,11763367,9661113,27798792,15505178,12293614,23122728,14276668,8846060,26270147,16809553,9460594,9919838,6378138,3541700
790,09,000,State - UTTAR PRADESH,Total,0-6,30791331,16185581,14605750,30791331,16185581,14605750,0,0,0,0,0,0,0,0,0,0,0,0,0,0,0,0,0,0
791,09,000,State - UTTAR PRADESH,Total,7,4783808,2516369,2267439,1445315,725690,719625,3338493,1790679,1547814,3207954,1712411,1495543,0,0,0,0,0,0,0,0,0,0,0,0
792,09,000,State - UTTAR PRADESH,Total,8,5514540,2915118,2599422,1070126,527798,542328,4444414,2387320,2057094,4332152,2321397,2010755,0,0,0,0,0,0,0,0,0,0,0,0
793,09,000,State - UTTAR PRADESH,Total,9,4348706,2293737,2054969,649205,316578,332627,3699501,1977159,1722342,3110016,1662183,1447833,504973,265408,239565,0,0,0,0,0,0,0,0,0
794,09,000,State - UTTAR PRADESH,Total,10,6347278,3397755,2949523,952884,468574,484310,5394394,2929181,2465213,3668611,2000350,1668261,1608592,859041,749551,0,0,0,0,0,0,0,0,0
795,09,000,State - UTTAR PRADESH,Total,11,4559292,2425324,2133968,543506,260240,283266,4015786,2165084,1850702,1708289,934369,773920,2224071,1181833,1042238,0,0,0,0,0,0,0,0,0
796,09,000,State - UTTAR PRADESH,Total,12,5559995,2961012,2598983,634196,297942,336254,4925799,2663070,2262729,1253637,692399,561238,2983546,1594969,1388577,592207,319792,272415,0,0,0,0,0,0
797,09,000,State - UTTAR PRADESH,Total,13,4432612,2301450,2131162,474140,212818,261322,3958472,2088632,1869840,561535,306329,255206,2218899,1160369,1058530,1099213,577387,521826,0,0,0,0,0,0
798,09,000,State - UTTAR PRADESH,Total,14,4970704,2593613,2377091,581996,259613,322383,4388708,2334000,2054708,362865,198746,164119,1771762,933156,838606,2158098,1148296,1009802,0,0,0,0,0,0
799,09,000,State - UTTAR PRADESH,Total,15,5187609,2760508,2427101,700868,321769,379099,4486741,2438739,2048002,251927,141362,110565,1287740,695352,592388,1800467,987391,813076,1033382,549826,483556,0,0,0
800,09,000,State - UTTAR PRADESH,Total,16,4953132,2591691,2361441,687558,302979,384579,4265574,2288712,1976862,183209,101261,81948,919357,485684,433673,1424931,783588,641343,1620297,852040,768257,0,0,0
801,09,000,State - UTTAR PRADESH,Total,17,3885778,2058384,1827394,536536,230927,305609,3349242,1827457,1521785,113430,63626,49804,569139,305726,263413,867810,493226,374584,1697578,907157,790421,0,0,0
802,09,000,State - UTTAR PRADESH,Total,18,5594440,3063915,2530525,950233,407326,542907,4644207,2656589,1987618,154409,90937,63472,811714,462187,349527,1112716,671985,440731,2402337,1336097,1066240,0,0,0
803,09,000,State - UTTAR PRADESH,Total,19,3419421,1833075,1586346,593728,230475,363253,2825693,1602600,1223093,88031,50897,37134,440947,245440,195507,595148,355764,239384,1589249,885549,703700,0,0,0
804,09,000,State - UTTAR PRADESH,Total,20-24,17578648,9405485,8173163,4015229,1409787,2605442,13563419,7995698,5567721,417792,244205,173587,2309912,1299258,1010654,2917943,1798258,1119685,5022234,3034314,1987920,2234578,1236619,997959
805,09,000,State - UTTAR PRADESH,Total,25-29,14579829,7466367,7113462,4606563,1451516,3155047,9973266,6014851,3958415,303002,170627,132375,1830253,1006494,823759,2393398,1515683,877715,2703765,1719178,984587,2074716,1215292,859424
806,09,000,State - UTTAR PRADESH,Total,30-34,12954682,6431401,6523281,4992341,1524785,3467556,7962341,4906616,3055725,274153,152495,121658,1582012,861703,720309,1942199,1242240,699959,2168528,1429798,738730,1432191,894926,537265
807,09,000,State - UTTAR PRADESH,Total,35-39,12556222,6401231,6154991,5405391,1741651,3663740,7150831,4659580,2491251,255602,150056,105546,1477455,842357,635098,1714085,1148303,565782,2093564,1480433,613131,1080682,721489,359193
808,09,000,State - UTTAR PRADESH,Total,40-44,10231402,5395162,4836240,4731361,1657418,3073943,5500041,3737744,1762297,202831,125349,77482,1178333,699129,479204,1254382,867832,386550,1636528,1219211,417317,805191,565086,240105
809,09,000,State - UTTAR PRADESH,Total,45-49,8449777,4382148,4067629,4133452,1394811,2738641,4316325,2987337,1328988,164644,103179,61465,960102,574129,385973,930978,655766,275212,1251865,955938,295927,666946,488244,178702
810,09,000,State - UTTAR PRADESH,Total,50-54,6587023,3571917,3015106,3334928,1244378,2090550,3252095,2327539,924556,131003,86393,44610,750736,466731,284005,663325,480879,182446,910108,720149,189959,532511,404492,128019
811,09,000,State - UTTAR PRADESH,Total,55-59,5464146,2626201,2837945,3052149,919781,2132368,2411997,1706420,705577,106894,66756,40138,580587,345239,235348,473187,340722,132465,651971,522643,129328,392394,307116,85278
812,09,000,State - UTTAR PRADESH,Total,60-64,5705191,2968771,2736420,3520257,1338395,2181862,2184934,1630376,554558,135288,94304,40984,622397,418875,203522,424389,327773,96616,529631,442847,86784,263821,212939,50882
813,09,000,State - UTTAR PRADESH,Total,65-69,3839969,1958472,1881497,2464236,925447,1538789,1375733,1033025,342708,94756,68283,26473,401808,279289,122519,256337,196585,59752,338736,280456,58280,145725,120731,24994
814,09,000,State - UTTAR PRADESH,Total,70-74,2832368,1535092,1297276,1905528,812415,1093113,926840,722677,204163,76949,58469,18480,286861,211663,75198,162570,131212,31358,209531,180281,29250,88609,74125,14484
815,09,000,State - UTTAR PRADESH,Total,75-79,1249892,638877,611015,834470,324568,509902,415422,314309,101113,37727,28497,9230,123206,87770,35436,72169,56145,16024,94564,78695,15869,40543,33844,6699
816,09,000,State - UTTAR PRADESH,Total,80+,1812484,935921,876563,1170668,484323,686345,641816,451598,190218,64174,48246,15928,183213,127104,56109,120166,86582,33584,132541,97193,35348,65762,45520,20242
817,09,000,State - UTTAR PRADESH,Total,Age not stated,1622062,865933,756129,636591,267961,368630,985471,597972,387499,163600,90241,73359,171177,96272,74905,147010,91259,55751,183738,117748,65990,96169,57715,38454
818,09,000,State - UTTAR PRADESH,Rural,All ages,155317278,80992995,74324283,70032598,29199307,40833291,85284680,51793688,33490992,17578607,9646918,7931689,22391245,12594860,9796385,18300002,11539043,6760959,18176802,12118271,6058531,4654942,3344339,1310603
819,09,000,State - UTTAR PRADESH,Rural,0-6,25040583,13135595,11904988,25040583,13135595,11904988,0,0,0,0,0,0,0,0,0,0,0,0,0,0,0,0,0,0
820,09,000,State - UTTAR PRADESH,Rural,7,3860414,2027496,1832918,1151707,575936,575771,2708707,1451560,1257147,2607542,1390966,1216576,0,0,0,0,0,0,0,0,0,0,0,0
821,09,000,State - UTTAR PRADESH,Rural,8,4513772,2380288,2133484,836501,409046,427455,3677271,1971242,1706029,3589410,1920052,1669358,0,0,0,0,0,0,0,0,0,0,0,0
822,09,000,State - UTTAR PRADESH,Rural,9,3503910,1841587,1662323,489613,235152,254461,3014297,1606435,1407862,2568495,1368484,1200011,381656,200560,181096,0,0,0,0,0,0,0,0,0
823,09,000,State - UTTAR PRADESH,Rural,10,5169860,2759258,2410602,725220,351273,373947,4444640,2407985,2036655,3085388,1676714,1408674,1268804,677739,591065,0,0,0,0,0,0,0,0,0
824,09,000,State - UTTAR PRADESH,Rural,11,3641991,1931080,1710911,398195,185758,212437,3243796,1745322,1498474,1414933,770535,644398,1766193,938327,827866,0,0,0,0,0,0,0,0,0
825,09,000,State - UTTAR PRADESH,Rural,12,4490182,2386413,2103769,465319,210627,254692,4024863,2175786,1849077,1044731,575188,469543,2473415,1320582,1152833,433085,237703,195382,0,0,0,0,0,0
826,09,000,State - UTTAR PRADESH,Rural,13,3531480,1831197,1700283,342531,146840,195691,3188949,1684357,1504592,460100,250099,210001,1849766,965071,884695,819675,435969,383706,0,0,0,0,0,0
827,09,000,State - UTTAR PRADESH,Rural,14,3940427,2054374,1886053,420689,179261,241428,3519738,1875113,1644625,293340,159629,133711,1487703,780885,706818,1665985,894240,771745,0,0,0,0,0,0
828,09,000,State - UTTAR PRADESH,Rural,15,4118163,2194591,1923572,523597,231767,291830,3594566,1962824,1631742,203343,113340,90003,1085401,584934,500467,1474688,810998,663690,744080,404177,339903,0,0,0
829,09,000,State - UTTAR PRADESH,Rural,16,3878443,2029596,1848847,505400,211659,293741,3373043,1817937,1555106,144696,79033,65663,764617,401120,363497,1181786,650310,531476,1192201,637530,554671,0,0,0
830,09,000,State - UTTAR PRADESH,Rural,17,2950680,1562188,1388492,389843,156469,233374,2560837,1405719,1155118,86795,47951,38844,461266,244950,216316,711345,404660,306685,1226499,665685,560814,0,0,0
831,09,000,State - UTTAR PRADESH,Rural,18,4309295,2360208,1949087,717710,286564,431146,3591585,2073644,1517941,119577,69458,50119,664039,374297,289742,923135,558900,364235,1761727,999249,762478,0,0,0
832,09,000,State - UTTAR PRADESH,Rural,19,2522503,1346835,1175668,444331,156081,288250,2078172,1190754,887418,66265,37515,28750,350086,191852,158234,479282,286662,192620,1101513,628339,473174,0,0,0
833,09,000,State - UTTAR PRADESH,Rural,20-24,12989044,6927701,6061343,3166603,1011779,2154824,9822441,5915922,3906519,319895,184574,135321,1846500,1026626,819874,2344972,1452243,892729,3583639,2223455,1360184,1254871,753222,501649
834,09,000,State - UTTAR PRADESH,Rural,25-29,10860729,5531452,5329277,3796624,1121161,2675463,7064105,4410291,2653814,236495,133147,103348,1474289,812010,662279,1927088,1239148,687940,1898460,1253246,645214,1062828,697405,365423
835,09,000,State - UTTAR PRADESH,Rural,30-34,9810399,4825061,4985338,4196523,1225505,2971018,5613876,3599556,2014320,217129,122160,94969,1276551,703327,573224,1562210,1022305,539905,1488303,1034511,453792,674853,483400,191453
836,09,000,State - UTTAR PRADESH,Rural,35-39,9523701,4848208,4675493,4530690,1418928,3111762,4993011,3429280,1563731,200478,120589,79889,1172613,685022,487591,1361555,946001,415554,1418027,1079744,338283,471100,368792,102308
837,09,000,State - UTTAR PRADESH,Rural,40-44,7685262,4053994,3631268,3940298,1353672,2586626,3744964,2700322,1044642,156632,100019,56613,918784,562154,356630,974137,705212,268925,1081553,876586,204967,324097,269764,54333
838,09,000,State - UTTAR PRADESH,Rural,45-49,6278251,3240893,3037358,3440520,1141908,2298612,2837731,2098985,738746,125454,81826,43628,733402,456925,276477,702776,523601,179175,791244,665442,125802,255819,223657,32162
839,09,000,State - UTTAR PRADESH,Rural,50-54,4912691,2662431,2250260,2792314,1038698,1753616,2120377,1623733,496644,100752,69517,31235,575860,375261,200599,497466,383062,114404,566446,494164,72282,202654,182977,19677
840,09,000,State - UTTAR PRADESH,Rural,55-59,4166600,1960534,2206066,2600984,778009,1822975,1565616,1182525,383091,82856,54463,28393,443559,278570,164989,351094,271455,79639,398142,352771,45371,149274,137856,11418
841,09,000,State - UTTAR PRADESH,Rural,60-64,4555476,2363521,2191955,3049995,1167531,1882464,1505481,1195990,309491,108566,79327,29239,490956,350028,140928,323740,268560,55180,332641,305340,27301,98318,92231,6087
842,09,000,State - UTTAR PRADESH,Rural,65-69,3116965,1583084,1533881,2163306,822866,1340440,953659,760218,193441,76550,58310,18240,316610,235481,81129,193948,160260,33688,211555,189434,22121,53457,49981,3476
843,09,000,State - UTTAR PRADESH,Rural,70-74,2317686,1262445,1055241,1671894,727785,944109,645792,534660,111132,62399,50056,12343,225956,178719,47237,122290,106491,15799,128498,119166,9332,30847,28470,2377
844,09,000,State - UTTAR PRADESH,Rural,75-79,1008251,514186,494065,730781,290032,440749,277470,224154,53316,29898,24116,5782,93550,72841,20709,52385,44465,7920,55263,49417,5846,12391,11214,1177
845,09,000,State - UTTAR PRADESH,Rural,80+,1448090,754399,693691,1009051,427162,581889,439039,327237,111802,51145,40494,10651,140125,103955,36170,88071,67112,20959,80130,61696,18434,25076,18747,6329
846,09,000,State - UTTAR PRADESH,Rural,Age not stated,1172430,624380,548050,491776,202243,289533,680654,422137,258517,125743,69356,56387,129544,73624,55920,109289,69686,39603,116881,78319,38562,39357,26623,12734
847,09,000,State - UTTAR PRADESH,Urban,All ages,44495063,23487515,21007548,15382188,7046239,8335949,29112875,16441276,12671599,3845873,2116449,1729424,5407547,2910318,2497229,4822726,2737625,2085101,8093345,4691282,3402063,5264896,3033799,2231097
848,09,000,State - UTTAR PRADESH,Urban,0-6,5750748,3049986,2700762,5750748,3049986,2700762,0,0,0,0,0,0,0,0,0,0,0,0,0,0,0,0,0,0
849,09,000,State - UTTAR PRADESH,Urban,7,923394,488873,434521,293608,149754,143854,629786,339119,290667,600412,321445,278967,0,0,0,0,0,0,0,0,0,0,0,0
850,09,000,State - UTTAR PRADESH,Urban,8,1000768,534830,465938,233625,118752,114873,767143,416078,351065,742742,401345,341397,0,0,0,0,0,0,0,0,0,0,0,0
851,09,000,State - UTTAR PRADESH,Urban,9,844796,452150,392646,159592,81426,78166,685204,370724,314480,541521,293699,247822,123317,64848,58469,0,0,0,0,0,0,0,0,0
852,09,000,State - UTTAR PRADESH,Urban,10,1177418,638497,538921,227664,117301,110363,949754,521196,428558,583223,323636,259587,339788,181302,158486,0,0,0,0,0,0,0,0,0
853,09,000,State - UTTAR PRADESH,Urban,11,917301,494244,423057,145311,74482,70829,771990,419762,352228,293356,163834,129522,457878,243506,214372,0,0,0,0,0,0,0,0,0
854,09,000,State - UTTAR PRADESH,Urban,12,1069813,574599,495214,168877,87315,81562,900936,487284,413652,208906,117211,91695,510131,274387,235744,159122,82089,77033,0,0,0,0,0,0
855,09,000,State - UTTAR PRADESH,Urban,13,901132,470253,430879,131609,65978,65631,769523,404275,365248,101435,56230,45205,369133,195298,173835,279538,141418,138120,0,0,0,0,0,0
856,09,000,State - UTTAR PRADESH,Urban,14,1030277,539239,491038,161307,80352,80955,868970,458887,410083,69525,39117,30408,284059,152271,131788,492113,254056,238057,0,0,0,0,0,0
857,09,000,State - UTTAR PRADESH,Urban,15,1069446,565917,503529,177271,90002,87269,892175,475915,416260,48584,28022,20562,202339,110418,91921,325779,176393,149386,289302,145649,143653,0,0,0
858,09,000,State - UTTAR PRADESH,Urban,16,1074689,562095,512594,182158,91320,90838,892531,470775,421756,38513,22228,16285,154740,84564,70176,243145,133278,109867,428096,214510,213586,0,0,0
859,09,000,State - UTTAR PRADESH,Urban,17,935098,496196,438902,146693,74458,72235,788405,421738,366667,26635,15675,10960,107873,60776,47097,156465,88566,67899,471079,241472,229607,0,0,0
860,09,000,State - UTTAR PRADESH,Urban,18,1285145,703707,581438,232523,120762,111761,1052622,582945,469677,34832,21479,13353,147675,87890,59785,189581,113085,76496,640610,336848,303762,0,0,0
861,09,000,State - UTTAR PRADESH,Urban,19,896918,486240,410678,149397,74394,75003,747521,411846,335675,21766,13382,8384,90861,53588,37273,115866,69102,46764,487736,257210,230526,0,0,0
862,09,000,State - UTTAR PRADESH,Urban,20-24,4589604,2477784,2111820,848626,398008,450618,3740978,2079776,1661202,97897,59631,38266,463412,272632,190780,572971,346015,226956,1438595,810859,627736,979707,483397,496310
863,09,000,State - UTTAR PRADESH,Urban,25-29,3719100,1934915,1784185,809939,330355,479584,2909161,1604560,1304601,66507,37480,29027,355964,194484,161480,466310,276535,189775,805305,465932,339373,1011888,517887,494001
864,09,000,State - UTTAR PRADESH,Urban,30-34,3144283,1606340,1537943,795818,299280,496538,2348465,1307060,1041405,57024,30335,26689,305461,158376,147085,379989,219935,160054,680225,395287,284938,757338,411526,345812
865,09,000,State - UTTAR PRADESH,Urban,35-39,3032521,1553023,1479498,874701,322723,551978,2157820,1230300,927520,55124,29467,25657,304842,157335,147507,352530,202302,150228,675537,400689,274848,609582,352697,256885
866,09,000,State - UTTAR PRADESH,Urban,40-44,2546140,1341168,1204972,791063,303746,487317,1755077,1037422,717655,46199,25330,20869,259549,136975,122574,280245,162620,117625,554975,342625,212350,481094,295322,185772
867,09,000,State - UTTAR PRADESH,Urban,45-49,2171526,1141255,1030271,692932,252903,440029,1478594,888352,590242,39190,21353,17837,226700,117204,109496,228202,132165,96037,460621,290496,170125,411127,264587,146540
868,09,000,State - UTTAR PRADESH,Urban,50-54,1674332,909486,764846,542614,205680,336934,1131718,703806,427912,30251,16876,13375,174876,91470,83406,165859,97817,68042,343662,225985,117677,329857,221515,108342
869,09,000,State - UTTAR PRADESH,Urban,55-59,1297546,665667,631879,451165,141772,309393,846381,523895,322486,24038,12293,11745,137028,66669,70359,122093,69267,52826,253829,169872,83957,243120,169260,73860
870,09,000,State - UTTAR PRADESH,Urban,60-64,1149715,605250,544465,470262,170864,299398,679453,434386,245067,26722,14977,11745,131441,68847,62594,100649,59213,41436,196990,137507,59483,165503,120708,44795
871,09,000,State - UTTAR PRADESH,Urban,65-69,723004,375388,347616,300930,102581,198349,422074,272807,149267,18206,9973,8233,85198,43808,41390,62389,36325,26064,127181,91022,36159,92268,70750,21518
872,09,000,State - UTTAR PRADESH,Urban,70-74,514682,272647,242035,233634,84630,149004,281048,188017,93031,14550,8413,6137,60905,32944,27961,40280,24721,15559,81033,61115,19918,57762,45655,12107
873,09,000,State - UTTAR PRADESH,Urban,75-79,241641,124691,116950,103689,34536,69153,137952,90155,47797,7829,4381,3448,29656,14929,14727,19784,11680,8104,39301,29278,10023,28152,22630,5522
874,09,000,State - UTTAR PRADESH,Urban,80+,364394,181522,182872,161617,57161,104456,202777,124361,78416,13029,7752,5277,43088,23149,19939,32095,19470,12625,52411,35497,16914,40686,26773,13913
875,09,000,State - UTTAR PRADESH,Urban,Age not stated,449632,241553,208079,144815,65718,79097,304817,175835,128982,37857,20885,16972,41633,22648,18985,37721,21573,16148,66857,39429,27428,56812,31092,25720
876,10,000,State - BIHAR,Total,All ages,104099452,54278157,49821295,51594899,22670134,28924765,52504553,31608023,20896530,13701980,7308358,6393622,13154969,7625383,5529586,7969599,4930890,3038709,11234040,7458931,3775109,3061676,2326092,735584
877,10,000,State - BIHAR,Total,0-6,19133964,9887239,9246725,19133964,9887239,9246725,0,0,0,0,0,0,0,0,0,0,0,0,0,0,0,0,0,0
878,10,000,State - BIHAR,Total,7,2736174,1411042,1325132,1005031,491296,513735,1731143,919746,811397,1649993,872861,777132,0,0,0,0,0,0,0,0,0,0,0,0
879,10,000,State - BIHAR,Total,8,3472198,1798593,1673605,835225,397464,437761,2636973,1401129,1235844,2557997,1356394,1201603,0,0,0,0,0,0,0,0,0,0,0,0
880,10,000,State - BIHAR,Total,9,2458970,1276356,1182614,481660,225574,256086,1977310,1050782,926528,1719359,908564,810795,202491,110548,91943,0,0,0,0,0,0,0,0,0
881,10,000,State - BIHAR,Total,10,3848668,2027478,1821190,737912,348151,389761,3110756,1679327,1431429,2293031,1224043,1068988,736978,408707,328271,0,0,0,0,0,0,0,0,0
882,10,000,State - BIHAR,Total,11,2385653,1256269,1129384,383282,176833,206449,2002371,1079436,922935,994975,525739,469236,955185,523479,431706,0,0,0,0,0,0,0,0,0
883,10,000,State - BIHAR,Total,12,3188267,1683310,1504957,506062,229297,276765,2682205,1454013,1228192,815081,428004,387077,1543919,843324,700595,256910,144722,112188,0,0,0,0,0,0
884,10,000,State - BIHAR,Total,13,2185027,1135187,1049840,320722,140611,180111,1864305,994576,869729,343726,177219,166507,1021746,543665,478081,451682,247085,204597,0,0,0,0,0,0
885,10,000,State - BIHAR,Total,14,2312267,1221587,1090680,375393,168787,206606,1936874,1052800,884074,220496,114755,105741,776714,414489,362225,885534,492465,393069,0,0,0,0,0,0
886,10,000,State - BIHAR,Total,15,2326025,1289350,1036675,457692,220928,236764,1868333,1068422,799911,172092,95951,76141,555182,314130,241052,674868,386872,287996,402911,233252,169659,0,0,0
887,10,000,State - BIHAR,Total,16,2046951,1143121,903830,415426,200069,215357,1631525,943052,688473,130095,74319,55776,376393,218375,158018,477968,275064,202904,586703,339073,247630,0,0,0
888,10,000,State - BIHAR,Total,17,1408901,798482,610419,285413,133321,152092,1123488,665161,458327,75801,44107,31694,209924,125811,84113,245990,144686,101304,546357,323291,223066,0,0,0
889,10,000,State - BIHAR,Total,18,2294012,1320854,973158,593531,267942,325589,1700481,1052912,647569,129857,77804,52053,341286,215743,125543,324954,203350,121604,821501,506328,315173,0,0,0
890,10,000,State - BIHAR,Total,19,1396806,738774,658032,382114,140293,241821,1014692,598481,416211,75585,40223,35362,191528,111479,80049,168434,99934,68500,523393,316636,206757,0,0,0
891,10,000,State - BIHAR,Total,20-24,8064735,4210585,3854150,2725795,979683,1746112,5338940,3230902,2108038,443499,229697,213802,1128879,666187,462692,862010,532195,329815,2017144,1261257,755887,529028,345778,183250
892,10,000,State - BIHAR,Total,25-29,7671705,3828687,3843018,3085422,1071700,2013722,4586283,2756987,1829296,412896,201817,211079,1036528,594359,442169,782653,483340,299313,1385854,865187,520667,560567,390768,169799
893,10,000,State - BIHAR,Total,30-34,7055737,3510596,3545141,3107403,1099413,2007990,3948334,2411183,1537151,369159,180809,188350,886366,511719,374647,656155,408661,247494,1246621,803677,442944,424558,307952,116606
894,10,000,State - BIHAR,Total,35-39,6457261,3308161,3149100,3070790,1134401,1936389,3386471,2173760,1212711,308034,159864,148170,744720,444943,299777,536149,343273,192876,1063107,725849,337258,411445,316473,94972
895,10,000,State - BIHAR,Total,40-44,5165692,2756809,2408883,2633359,1044660,1588699,2532333,1712149,820184,226347,125184,101163,560006,345071,214935,400810,266433,134377,747576,543687,203889,350475,283750,66725
896,10,000,State - BIHAR,Total,45-49,4270374,2209994,2060380,2341117,882493,1458624,1929257,1327501,601756,175719,99078,76641,453087,278183,174904,318855,216746,102109,531456,403970,127486,255507,213482,42025
897,10,000,State - BIHAR,Total,50-54,3312740,1808425,1504315,1886866,786208,1100658,1425874,1022217,403657,132394,80557,51837,358414,229802,128612,249922,179379,70543,377167,302297,74870,161171,138078,23093
898,10,000,State - BIHAR,Total,55-59,2796678,1330356,1466322,1686706,550956,1135750,1109972,779400,330572,104524,58685,45839,277836,167142,110694,186428,130140,56288,297657,244706,52951,126046,110409,15637
899,10,000,State - BIHAR,Total,60-64,3008008,1559925,1448083,1912369,747044,1165325,1095639,812881,282758,120481,76763,43718,303062,202135,100927,187583,140585,46998,262153,226729,35424,97321,88112,9209
900,10,000,State - BIHAR,Total,65-69,2089779,1103718,986061,1344287,530410,813877,745492,573308,172184,82925,56801,26124,202686,143682,59004,130452,101616,28836,181299,158399,22900,61647,56809,4838
901,10,000,State - BIHAR,Total,70-74,1379531,784383,595148,915536,410352,505184,463995,374031,89964,54190,39899,14291,130589,99459,31130,76343,62977,13366,106931,96552,10379,37807,35401,2406
902,10,000,State - BIHAR,Total,75-79,550479,297973,252506,355913,143830,212083,194566,154143,40423,22911,16494,6417,54639,40812,13827,32429,26533,5896,44482,39690,4792,15971,14922,1049
903,10,000,State - BIHAR,Total,80+,679348,360594,318754,437129,180367,256762,242219,180227,61992,30078,20695,9383,70539,51275,19264,40001,30698,9303,52572,42740,9832,16259,14029,2230
904,10,000,State - BIHAR,Total,Age not stated,403502,220309,183193,178780,80812,97968,224722,139497,85225,40735,22032,18703,36272,20864,15408,23469,14136,9333,39156,25611,13545,13874,10129,3745
905,10,000,State - BIHAR,Rural,All ages,92341436,48073850,44267586,47529284,20832020,26697264,44812152,27241830,17570322,12370917,6611758,5759159,11717783,6878975,4838808,6873883,4333233,2540650,9017630,6189519,2828111,1851135,1488731,362404
906,10,000,State - BIHAR,Rural,0-6,17383701,8971671,8412030,17383701,8971671,8412030,0,0,0,0,0,0,0,0,0,0,0,0,0,0,0,0,0,0
907,10,000,State - BIHAR,Rural,7,2472268,1273456,1198812,924413,451002,473411,1547855,822454,725401,1475128,780419,694709,0,0,0,0,0,0,0,0,0,0,0,0
908,10,000,State - BIHAR,Rural,8,3152704,1630750,1521954,772517,366289,406228,2380187,1264461,1115726,2308794,1224082,1084712,0,0,0,0,0,0,0,0,0,0,0,0
909,10,000,State - BIHAR,Rural,9,2222416,1151911,1070505,445156,207546,237610,1777260,944365,832895,1552566,819866,732700,174582,95905,78677,0,0,0,0,0,0,0,0,0
910,10,000,State - BIHAR,Rural,10,3486052,1834339,1651713,681356,319494,361862,2804696,1514845,1289851,2085521,1112893,972628,645985,359754,286231,0,0,0,0,0,0,0,0,0
911,10,000,State - BIHAR,Rural,11,2138971,1125945,1013026,353757,162211,191546,1785214,963734,821480,900221,475074,425147,837912,461397,376515,0,0,0,0,0,0,0,0,0
912,10,000,State - BIHAR,Rural,12,2863651,1512521,1351130,467420,209888,257532,2396231,1302633,1093598,741369,388578,352791,1382298,758262,624036,212404,121346,91058,0,0,0,0,0,0
913,10,000,State - BIHAR,Rural,13,1943012,1010688,932324,296258,128601,167657,1646754,882087,764667,312802,160986,151816,916001,489129,426872,375225,207798,167427,0,0,0,0,0,0
914,10,000,State - BIHAR,Rural,14,2041261,1080482,960779,345352,153672,191680,1695909,926810,769099,200828,104224,96604,699283,374343,324940,746946,420152,326794,0,0,0,0,0,0
915,10,000,State - BIHAR,Rural,15,2054655,1143650,911005,422617,202424,220193,1632038,941226,690812,157354,87648,69706,504233,286564,217669,590015,341415,248600,323005,190759,132246,0,0,0
916,10,000,State - BIHAR,Rural,16,1785492,1003054,782438,381783,182260,199523,1403709,820794,582915,118163,67619,50544,341202,198912,142290,419183,243432,175751,470843,278005,192838,0,0,0
917,10,000,State - BIHAR,Rural,17,1205355,687338,518017,261042,120644,140398,944313,566694,377619,68285,39710,28575,189772,114268,75504,215361,127723,87638,430184,260450,169734,0,0,0
918,10,000,State - BIHAR,Rural,18,1994318,1153623,840695,545739,243472,302267,1448579,910151,538428,117015,70241,46774,309245,196608,112637,288318,181827,106491,659376,416599,242777,0,0,0
919,10,000,State - BIHAR,Rural,19,1203909,634833,569076,354028,127623,226405,849881,507210,342671,68403,36263,32140,173783,101300,72483,149390,89094,60296,408346,253501,154845,0,0,0
920,10,000,State - BIHAR,Rural,20-24,7011053,3644529,3366524,2534768,899008,1635760,4476285,2745521,1730764,402496,208113,194383,1021754,606445,415309,762500,475124,287376,1635932,1047589,588343,334572,233723,100849
921,10,000,State - BIHAR,Rural,25-29,6722688,3340162,3382526,2879172,993748,1885424,3843516,2346414,1497102,375997,185017,190980,938201,544957,393244,689152,432344,256808,1136888,732666,404222,343860,255548,88312
922,10,000,State - BIHAR,Rural,30-34,6203044,3074406,3128638,2901756,1022621,1879135,3301288,2051785,1249503,335177,165651,169526,798753,468654,330099,575759,365936,209823,1015358,679816,335542,253854,195910,57944
923,10,000,State - BIHAR,Rural,35-39,5671251,2902365,2768886,2860968,1057044,1803924,2810283,1845321,964962,277010,145599,131411,663239,404830,258409,464349,305122,159227,867531,618708,248823,253911,208016,45895
924,10,000,State - BIHAR,Rural,40-44,4510868,2404576,2106292,2445186,971759,1473427,2065682,1432817,632865,201452,113210,88242,491972,310900,181072,340907,233727,107180,600087,458205,141882,216776,186615,30161
925,10,000,State - BIHAR,Rural,45-49,3721533,1918799,1802734,2173473,822993,1350480,1548060,1095806,452254,155011,89407,65604,392612,248908,143704,266537,188023,78514,414423,332758,81665,152026,135172,16854
926,10,000,State - BIHAR,Rural,50-54,2885694,1575237,1310457,1748193,734593,1013600,1137501,840644,296857,116166,72707,43459,308300,205308,102992,208298,155558,52740,289287,244996,44291,89669,81531,8138
927,10,000,State - BIHAR,Rural,55-59,2450329,1151517,1298812,1569379,516581,1052798,880950,634936,246014,91646,53103,38543,237885,149631,88254,154536,112846,41690,227684,196679,31005,68816,63320,5496
928,10,000,State - BIHAR,Rural,60-64,2677437,1385714,1291723,1779728,701857,1077871,897709,683857,213852,106372,69989,36383,262517,181987,80530,158468,124018,34450,206934,186466,20468,54945,51827,3118
929,10,000,State - BIHAR,Rural,65-69,1870640,986570,884070,1254974,500398,754576,615666,486172,129494,73165,51829,21336,176155,130278,45877,111080,90118,20962,143826,129733,14093,35875,34128,1747
930,10,000,State - BIHAR,Rural,70-74,1231828,701151,530677,850600,386372,464228,381228,314779,66449,47607,36254,11353,113003,89597,23406,64728,55398,9330,83720,77518,6202,21595,20685,910
931,10,000,State - BIHAR,Rural,75-79,486894,263161,223733,330280,135410,194870,156614,127751,28863,19810,14888,4922,46539,36603,9936,27174,23198,3976,33747,30923,2824,8579,8236,343
932,10,000,State - BIHAR,Rural,80+,601387,320855,280532,402359,168949,233410,199028,151906,47122,26208,18664,7544,60874,45907,14967,33790,26790,7000,40835,34018,6817,9256,8221,1035
933,10,000,State - BIHAR,Rural,Age not stated,349025,190547,158478,163309,73890,89419,185716,116657,69059,36351,19724,16627,31683,18528,13155,19763,12244,7519,29624,20130,9494,7401,5799,1602
934,10,000,State - BIHAR,Urban,All ages,11758016,6204307,5553709,4065615,1838114,2227501,7692401,4366193,3326208,1331063,696600,634463,1437186,746408,690778,1095716,597657,498059,2216410,1269412,946998,1210541,837361,373180
935,10,000,State - BIHAR,Urban,0-6,1750263,915568,834695,1750263,915568,834695,0,0,0,0,0,0,0,0,0,0,0,0,0,0,0,0,0,0
936,10,000,State - BIHAR,Urban,7,263906,137586,126320,80618,40294,40324,183288,97292,85996,174865,92442,82423,0,0,0,0,0,0,0,0,0,0,0,0
937,10,000,State - BIHAR,Urban,8,319494,167843,151651,62708,31175,31533,256786,136668,120118,249203,132312,116891,0,0,0,0,0,0,0,0,0,0,0,0
938,10,000,State - BIHAR,Urban,9,236554,124445,112109,36504,18028,18476,200050,106417,93633,166793,88698,78095,27909,14643,13266,0,0,0,0,0,0,0,0,0
939,10,000,State - BIHAR,Urban,10,362616,193139,169477,56556,28657,27899,306060,164482,141578,207510,111150,96360,90993,48953,42040,0,0,0,0,0,0,0,0,0
940,10,000,State - BIHAR,Urban,11,246682,130324,116358,29525,14622,14903,217157,115702,101455,94754,50665,44089,117273,62082,55191,0,0,0,0,0,0,0,0,0
941,10,000,State - BIHAR,Urban,12,324616,170789,153827,38642,19409,19233,285974,151380,134594,73712,39426,34286,161621,85062,76559,44506,23376,21130,0,0,0,0,0,0
942,10,000,State - BIHAR,Urban,13,242015,124499,117516,24464,12010,12454,217551,112489,105062,30924,16233,14691,105745,54536,51209,76457,39287,37170,0,0,0,0,0,0
943,10,000,State - BIHAR,Urban,14,271006,141105,129901,30041,15115,14926,240965,125990,114975,19668,10531,9137,77431,40146,37285,138588,72313,66275,0,0,0,0,0,0
944,10,000,State - BIHAR,Urban,15,271370,145700,125670,35075,18504,16571,236295,127196,109099,14738,8303,6435,50949,27566,23383,84853,45457,39396,79906,42493,37413,0,0,0
945,10,000,State - BIHAR,Urban,16,261459,140067,121392,33643,17809,15834,227816,122258,105558,11932,6700,5232,35191,19463,15728,58785,31632,27153,115860,61068,54792,0,0,0
946,10,000,State - BIHAR,Urban,17,203546,111144,92402,24371,12677,11694,179175,98467,80708,7516,4397,3119,20152,11543,8609,30629,16963,13666,116173,62841,53332,0,0,0
947,10,000,State - BIHAR,Urban,18,299694,167231,132463,47792,24470,23322,251902,142761,109141,12842,7563,5279,32041,19135,12906,36636,21523,15113,162125,89729,72396,0,0,0
948,10,000,State - BIHAR,Urban,19,192897,103941,88956,28086,12670,15416,164811,91271,73540,7182,3960,3222,17745,10179,7566,19044,10840,8204,115047,63135,51912,0,0,0
949,10,000,State - BIHAR,Urban,20-24,1053682,566056,487626,191027,80675,110352,862655,485381,377274,41003,21584,19419,107125,59742,47383,99510,57071,42439,381212,213668,167544,194456,112055,82401
950,10,000,State - BIHAR,Urban,25-29,949017,488525,460492,206250,77952,128298,742767,410573,332194,36899,16800,20099,98327,49402,48925,93501,50996,42505,248966,132521,116445,216707,135220,81487
951,10,000,State - BIHAR,Urban,30-34,852693,436190,416503,205647,76792,128855,647046,359398,287648,33982,15158,18824,87613,43065,44548,80396,42725,37671,231263,123861,107402,170704,112042,58662
952,10,000,State - BIHAR,Urban,35-39,786010,405796,380214,209822,77357,132465,576188,328439,247749,31024,14265,16759,81481,40113,41368,71800,38151,33649,195576,107141,88435,157534,108457,49077
953,10,000,State - BIHAR,Urban,40-44,654824,352233,302591,188173,72901,115272,466651,279332,187319,24895,11974,12921,68034,34171,33863,59903,32706,27197,147489,85482,62007,133699,97135,36564
954,10,000,State - BIHAR,Urban,45-49,548841,291195,257646,167644,59500,108144,381197,231695,149502,20708,9671,11037,60475,29275,31200,52318,28723,23595,117033,71212,45821,103481,78310,25171
955,10,000,State - BIHAR,Urban,50-54,427046,233188,193858,138673,51615,87058,288373,181573,106800,16228,7850,8378,50114,24494,25620,41624,23821,17803,87880,57301,30579,71502,56547,14955
956,10,000,State - BIHAR,Urban,55-59,346349,178839,167510,117327,34375,82952,229022,144464,84558,12878,5582,7296,39951,17511,22440,31892,17294,14598,69973,48027,21946,57230,47089,10141
957,10,000,State - BIHAR,Urban,60-64,330571,174211,156360,132641,45187,87454,197930,129024,68906,14109,6774,7335,40545,20148,20397,29115,16567,12548,55219,40263,14956,42376,36285,6091
958,10,000,State - BIHAR,Urban,65-69,219139,117148,101991,89313,30012,59301,129826,87136,42690,9760,4972,4788,26531,13404,13127,19372,11498,7874,37473,28666,8807,25772,22681,3091
959,10,000,State - BIHAR,Urban,70-74,147703,83232,64471,64936,23980,40956,82767,59252,23515,6583,3645,2938,17586,9862,7724,11615,7579,4036,23211,19034,4177,16212,14716,1496
960,10,000,State - BIHAR,Urban,75-79,63585,34812,28773,25633,8420,17213,37952,26392,11560,3101,1606,1495,8100,4209,3891,5255,3335,1920,10735,8767,1968,7392,6686,706
961,10,000,State - BIHAR,Urban,80+,77961,39739,38222,34770,11418,23352,43191,28321,14870,3870,2031,1839,9665,5368,4297,6211,3908,2303,11737,8722,3015,7003,5808,1195
962,10,000,State - BIHAR,Urban,Age not stated,54477,29762,24715,15471,6922,8549,39006,22840,16166,4384,2308,2076,4589,2336,2253,3706,1892,1814,9532,5481,4051,6473,4330,2143
963,11,000,State - SIKKIM,Total,All ages,610577,323070,287507,165625,71801,93824,444952,251269,193683,116100,66658,49442,115601,62664,52937,69545,37520,32025,91178,53420,37758,32669,19290,13379
964,11,000,State - SIKKIM,Total,0-6,64111,32761,31350,64111,32761,31350,0,0,0,0,0,0,0,0,0,0,0,0,0,0,0,0,0,0
965,11,000,State - SIKKIM,Total,7,11728,5951,5777,2564,1304,1260,9164,4647,4517,8971,4521,4450,0,0,0,0,0,0,0,0,0,0,0,0
966,11,000,State - SIKKIM,Total,8,11022,5525,5497,1147,599,548,9875,4926,4949,9727,4839,4888,0,0,0,0,0,0,0,0,0,0,0,0
967,11,000,State - SIKKIM,Total,9,12153,6136,6017,1178,604,574,10975,5532,5443,9544,4830,4714,1274,610,664,0,0,0,0,0,0,0,0,0
968,11,000,State - SIKKIM,Total,10,13543,6929,6614,1109,551,558,12434,6378,6056,8582,4480,4102,3648,1766,1882,0,0,0,0,0,0,0,0,0
969,11,000,State - SIKKIM,Total,11,13165,6684,6481,663,347,316,12502,6337,6165,6160,3286,2874,6132,2911,3221,0,0,0,0,0,0,0,0,0
970,11,000,State - SIKKIM,Total,12,13400,6846,6554,474,236,238,12926,6610,6316,4426,2508,1918,7398,3559,3839,894,407,487,0,0,0,0,0,0
971,11,000,State - SIKKIM,Total,13,13312,6722,6590,470,234,236,12842,6488,6354,3102,1771,1331,7235,3490,3745,2251,1054,1197,0,0,0,0,0,0
972,11,000,State - SIKKIM,Total,14,13503,6784,6719,497,232,265,13006,6552,6454,2272,1333,939,6433,3151,3282,4046,1901,2145,0,0,0,0,0,0
973,11,000,State - SIKKIM,Total,15,13323,6715,6608,625,292,333,12698,6423,6275,1794,1096,698,5218,2632,2586,4191,1953,2238,1216,562,654,0,0,0
974,11,000,State - SIKKIM,Total,16,13428,6667,6761,609,282,327,12819,6385,6434,1669,993,676,4211,2114,2097,4369,1994,2375,2275,1108,1167,0,0,0
975,11,000,State - SIKKIM,Total,17,13144,6784,6360,610,290,320,12534,6494,6040,1630,992,638,3409,1819,1590,3748,1751,1997,3426,1729,1697,0,0,0
976,11,000,State - SIKKIM,Total,18,14254,7347,6907,791,393,398,13463,6954,6509,1890,1186,704,3279,1732,1547,3396,1617,1779,4495,2172,2323,0,0,0
977,11,000,State - SIKKIM,Total,19,12788,6485,6303,661,302,359,12127,6183,5944,1749,1051,698,2862,1478,1384,2556,1166,1390,4519,2245,2274,0,0,0
978,11,000,State - SIKKIM,Total,20-24,67297,35146,32151,4483,1910,2573,62814,33236,29578,9427,5541,3886,15111,7907,7204,9993,4958,5035,19887,10562,9325,5868,2842,3026
979,11,000,State - SIKKIM,Total,25-29,64639,34700,29939,6169,2349,3820,58470,32351,26119,8397,4672,3725,13380,7035,6345,9167,4916,4251,14854,9010,5844,9545,4992,4553
980,11,000,State - SIKKIM,Total,30-34,52225,28562,23663,6730,2305,4425,45495,26257,19238,7309,4032,3277,10208,5570,4638,7672,4525,3147,12151,7497,4654,5743,3304,2439
981,11,000,State - SIKKIM,Total,35-39,43627,23396,20231,8124,2535,5589,35503,20861,14642,6385,3471,2914,7897,4499,3398,6007,3568,2439,9615,5847,3768,3682,2412,1270
982,11,000,State - SIKKIM,Total,40-44,36552,20170,16382,9550,2948,6602,27002,17222,9780,5175,2998,2177,5764,3662,2102,4462,2902,1560,7264,4790,2474,2774,1988,786
983,11,000,State - SIKKIM,Total,45-49,29462,16114,13348,10393,3430,6963,19069,12684,6385,4518,2868,1650,3954,2660,1294,2673,1847,826,4781,3232,1549,1906,1356,550
984,11,000,State - SIKKIM,Total,50-54,24432,13624,10808,10440,3817,6623,13992,9807,4185,3986,2842,1144,2940,2159,781,1678,1174,504,3004,2001,1003,1368,1027,341
985,11,000,State - SIKKIM,Total,55-59,17541,9913,7628,8487,3202,5285,9054,6711,2343,2903,2181,722,1936,1486,450,935,703,232,1646,1159,487,890,692,198
986,11,000,State - SIKKIM,Total,60-64,13550,7441,6109,7785,3096,4689,5765,4345,1420,2283,1763,520,1293,954,339,560,417,143,696,536,160,391,298,93
987,11,000,State - SIKKIM,Total,65-69,10483,5593,4890,6331,2494,3837,4152,3099,1053,1682,1346,336,876,629,247,430,296,134,496,352,144,198,160,38
988,11,000,State - SIKKIM,Total,70-74,7561,4304,3257,5016,2248,2768,2545,2056,489,1139,958,181,490,385,105,183,142,41,294,234,60,98,75,23
989,11,000,State - SIKKIM,Total,75-79,4516,2556,1960,3174,1466,1708,1342,1090,252,604,517,87,238,193,45,77,57,20,138,102,36,55,40,15
990,11,000,State - SIKKIM,Total,80+,4642,2578,2064,3132,1428,1704,1510,1150,360,548,456,92,225,165,60,142,99,43,259,194,65,109,79,30
991,11,000,State - SIKKIM,Total,Age not stated,1176,637,539,302,146,156,874,491,383,228,127,101,190,98,92,115,73,42,162,88,74,42,25,17
992,11,000,State - SIKKIM,Rural,All ages,456999,242797,214202,135069,58552,76517,321930,184245,137685,96333,56198,40135,90078,48838,41240,48951,26434,22517,56283,34313,21970,14545,8888,5657
993,11,000,State - SIKKIM,Rural,0-6,49218,25061,24157,49218,25061,24157,0,0,0,0,0,0,0,0,0,0,0,0,0,0,0,0,0,0
994,11,000,State - SIKKIM,Rural,7,9208,4673,4535,2099,1076,1023,7109,3597,3512,6939,3487,3452,0,0,0,0,0,0,0,0,0,0,0,0
995,11,000,State - SIKKIM,Rural,8,8556,4282,4274,970,511,459,7586,3771,3815,7463,3695,3768,0,0,0,0,0,0,0,0,0,0,0,0
996,11,000,State - SIKKIM,Rural,9,9558,4859,4699,961,503,458,8597,4356,4241,7559,3834,3725,899,436,463,0,0,0,0,0,0,0,0,0
997,11,000,State - SIKKIM,Rural,10,10644,5444,5200,881,446,435,9763,4998,4765,6967,3617,3350,2615,1264,1351,0,0,0,0,0,0,0,0,0
998,11,000,State - SIKKIM,Rural,11,10281,5227,5054,534,281,253,9747,4946,4801,5149,2784,2365,4421,2042,2379,0,0,0,0,0,0,0,0,0
999,11,000,State - SIKKIM,Rural,12,10426,5393,5033,358,186,172,10068,5207,4861,3779,2167,1612,5542,2652,2890,574,273,301,0,0,0,0,0,0
1000,11,000,State - SIKKIM,Rural,13,10349,5257,5092,342,189,153,10007,5068,4939,2627,1535,1092,5699,2714,2985,1463,668,795,0,0,0,0,0,0
1001,11,000,State - SIKKIM,Rural,14,10491,5267,5224,368,197,171,10123,5070,5053,1951,1164,787,5264,2523,2741,2691,1235,1456,0,0,0,0,0,0
1002,11,000,State - SIKKIM,Rural,15,10200,5206,4994,444,232,212,9756,4974,4782,1478,934,544,4361,2185,2176,2914,1340,1574,764,355,409,0,0,0
1003,11,000,State - SIKKIM,Rural,16,10227,5115,5112,432,224,208,9795,4891,4904,1400,870,530,3504,1765,1739,3217,1419,1798,1421,683,738,0,0,0
1004,11,000,State - SIKKIM,Rural,17,9956,5174,4782,438,238,200,9518,4936,4582,1364,857,507,2843,1504,1339,2890,1322,1568,2144,1073,1071,0,0,0
1005,11,000,State - SIKKIM,Rural,18,10771,5593,5178,589,311,278,10182,5282,4900,1590,1011,579,2713,1423,1290,2668,1241,1427,2866,1387,1479,0,0,0
1006,11,000,State - SIKKIM,Rural,19,9605,4855,4750,504,233,271,9101,4622,4479,1501,918,583,2332,1184,1148,2014,895,1119,2894,1421,1473,0,0,0
1007,11,000,State - SIKKIM,Rural,20-24,49839,26301,23538,3542,1507,2035,46297,24794,21503,8147,4856,3291,12340,6357,5983,7361,3639,3722,13320,7235,6085,3085,1530,1555
1008,11,000,State - SIKKIM,Rural,25-29,46628,25475,21153,5045,1951,3094,41583,23524,18059,7247,4060,3187,10702,5613,5089,6513,3524,2989,9856,6279,3577,4887,2695,2192
1009,11,000,State - SIKKIM,Rural,30-34,37412,20788,16624,5548,1936,3612,31864,18852,13012,6304,3513,2791,8015,4416,3599,5443,3251,2192,7619,5004,2615,2617,1617,1000
1010,11,000,State - SIKKIM,Rural,35-39,30928,16613,14315,6769,2107,4662,24159,14506,9653,5404,2963,2441,6059,3500,2559,4204,2563,1641,5587,3617,1970,1470,1043,427
1011,11,000,State - SIKKIM,Rural,40-44,26111,14402,11709,8100,2437,5663,18011,11965,6046,4326,2541,1785,4296,2854,1442,3000,2062,938,4165,3002,1163,1020,816,204
1012,11,000,State - SIKKIM,Rural,45-49,21104,11394,9710,8880,2924,5956,12224,8470,3754,3778,2456,1322,2784,1954,830,1623,1175,448,2468,1827,641,618,485,133
1013,11,000,State - SIKKIM,Rural,50-54,18081,10021,8060,9119,3363,5756,8962,6658,2304,3395,2480,915,2041,1584,457,956,729,227,1422,1061,361,364,313,51
1014,11,000,State - SIKKIM,Rural,55-59,13219,7390,5829,7404,2862,4542,5815,4528,1287,2454,1904,550,1307,1060,247,512,408,104,715,562,153,233,192,41
1015,11,000,State - SIKKIM,Rural,60-64,10875,5971,4904,6824,2763,4061,4051,3208,843,1959,1567,392,912,709,203,317,251,66,330,282,48,88,76,12
1016,11,000,State - SIKKIM,Rural,65-69,8532,4584,3948,5562,2237,3325,2970,2347,623,1436,1194,242,610,472,138,253,186,67,233,180,53,45,35,10
1017,11,000,State - SIKKIM,Rural,70-74,6280,3624,2656,4427,2060,2367,1853,1564,289,964,839,125,332,281,51,100,87,13,138,111,27,34,25,9
1018,11,000,State - SIKKIM,Rural,75-79,3736,2150,1586,2758,1308,1450,978,842,136,518,465,53,159,142,17,48,34,14,57,44,13,12,7,5
1019,11,000,State - SIKKIM,Rural,80+,3777,2147,1630,2688,1280,1408,1089,867,222,427,371,56,163,123,40,94,70,24,166,128,38,48,38,10
1020,11,000,State - SIKKIM,Rural,Age not stated,987,531,456,265,129,136,722,402,320,207,116,91,165,81,84,96,62,34,118,62,56,24,16,8
1021,11,000,State - SIKKIM,Urban,All ages,153578,80273,73305,30556,13249,17307,123022,67024,55998,19767,10460,9307,25523,13826,11697,20594,11086,9508,34895,19107,15788,18124,10402,7722
1022,11,000,State - SIKKIM,Urban,0-6,14893,7700,7193,14893,7700,7193,0,0,0,0,0,0,0,0,0,0,0,0,0,0,0,0,0,0
1023,11,000,State - SIKKIM,Urban,7,2520,1278,1242,465,228,237,2055,1050,1005,2032,1034,998,0,0,0,0,0,0,0,0,0,0,0,0
1024,11,000,State - SIKKIM,Urban,8,2466,1243,1223,177,88,89,2289,1155,1134,2264,1144,1120,0,0,0,0,0,0,0,0,0,0,0,0
1025,11,000,State - SIKKIM,Urban,9,2595,1277,1318,217,101,116,2378,1176,1202,1985,996,989,375,174,201,0,0,0,0,0,0,0,0,0
1026,11,000,State - SIKKIM,Urban,10,2899,1485,1414,228,105,123,2671,1380,1291,1615,863,752,1033,502,531,0,0,0,0,0,0,0,0,0
1027,11,000,State - SIKKIM,Urban,11,2884,1457,1427,129,66,63,2755,1391,1364,1011,502,509,1711,869,842,0,0,0,0,0,0,0,0,0
1028,11,000,State - SIKKIM,Urban,12,2974,1453,1521,116,50,66,2858,1403,1455,647,341,306,1856,907,949,320,134,186,0,0,0,0,0,0
1029,11,000,State - SIKKIM,Urban,13,2963,1465,1498,128,45,83,2835,1420,1415,475,236,239,1536,776,760,788,386,402,0,0,0,0,0,0
1030,11,000,State - SIKKIM,Urban,14,3012,1517,1495,129,35,94,2883,1482,1401,321,169,152,1169,628,541,1355,666,689,0,0,0,0,0,0
1031,11,000,State - SIKKIM,Urban,15,3123,1509,1614,181,60,121,2942,1449,1493,316,162,154,857,447,410,1277,613,664,452,207,245,0,0,0
1032,11,000,State - SIKKIM,Urban,16,3201,1552,1649,177,58,119,3024,1494,1530,269,123,146,707,349,358,1152,575,577,854,425,429,0,0,0
1033,11,000,State - SIKKIM,Urban,17,3188,1610,1578,172,52,120,3016,1558,1458,266,135,131,566,315,251,858,429,429,1282,656,626,0,0,0
1034,11,000,State - SIKKIM,Urban,18,3483,1754,1729,202,82,120,3281,1672,1609,300,175,125,566,309,257,728,376,352,1629,785,844,0,0,0
1035,11,000,State - SIKKIM,Urban,19,3183,1630,1553,157,69,88,3026,1561,1465,248,133,115,530,294,236,542,271,271,1625,824,801,0,0,0
1036,11,000,State - SIKKIM,Urban,20-24,17458,8845,8613,941,403,538,16517,8442,8075,1280,685,595,2771,1550,1221,2632,1319,1313,6567,3327,3240,2783,1312,1471
1037,11,000,State - SIKKIM,Urban,25-29,18011,9225,8786,1124,398,726,16887,8827,8060,1150,612,538,2678,1422,1256,2654,1392,1262,4998,2731,2267,4658,2297,2361
1038,11,000,State - SIKKIM,Urban,30-34,14813,7774,7039,1182,369,813,13631,7405,6226,1005,519,486,2193,1154,1039,2229,1274,955,4532,2493,2039,3126,1687,1439
1039,11,000,State - SIKKIM,Urban,35-39,12699,6783,5916,1355,428,927,11344,6355,4989,981,508,473,1838,999,839,1803,1005,798,4028,2230,1798,2212,1369,843
1040,11,000,State - SIKKIM,Urban,40-44,10441,5768,4673,1450,511,939,8991,5257,3734,849,457,392,1468,808,660,1462,840,622,3099,1788,1311,1754,1172,582
1041,11,000,State - SIKKIM,Urban,45-49,8358,4720,3638,1513,506,1007,6845,4214,2631,740,412,328,1170,706,464,1050,672,378,2313,1405,908,1288,871,417
1042,11,000,State - SIKKIM,Urban,50-54,6351,3603,2748,1321,454,867,5030,3149,1881,591,362,229,899,575,324,722,445,277,1582,940,642,1004,714,290
1043,11,000,State - SIKKIM,Urban,55-59,4322,2523,1799,1083,340,743,3239,2183,1056,449,277,172,629,426,203,423,295,128,931,597,334,657,500,157
1044,11,000,State - SIKKIM,Urban,60-64,2675,1470,1205,961,333,628,1714,1137,577,324,196,128,381,245,136,243,166,77,366,254,112,303,222,81
1045,11,000,State - SIKKIM,Urban,65-69,1951,1009,942,769,257,512,1182,752,430,246,152,94,266,157,109,177,110,67,263,172,91,153,125,28
1046,11,000,State - SIKKIM,Urban,70-74,1281,680,601,589,188,401,692,492,200,175,119,56,158,104,54,83,55,28,156,123,33,64,50,14
1047,11,000,State - SIKKIM,Urban,75-79,780,406,374,416,158,258,364,248,116,86,52,34,79,51,28,29,23,6,81,58,23,43,33,10
1048,11,000,State - SIKKIM,Urban,80+,865,431,434,444,148,296,421,283,138,121,85,36,62,42,20,48,29,19,93,66,27,61,41,20
1049,11,000,State - SIKKIM,Urban,Age not stated,189,106,83,37,17,20,152,89,63,21,11,10,25,17,8,19,11,8,44,26,18,18,9,9
1050,12,000,State - ARUNACHAL PRADESH,Total,All ages,1383727,713912,669815,617722,274044,343678,766005,439868,326137,164976,88788,76188,189369,102518,86851,145848,82535,63313,188681,115956,72725,53606,36430,17176
1051,12,000,State - ARUNACHAL PRADESH,Total,0-6,212188,107624,104564,212188,107624,104564,0,0,0,0,0,0,0,0,0,0,0,0,0,0,0,0,0,0
1052,12,000,State - ARUNACHAL PRADESH,Total,7,34077,17142,16935,15340,7496,7844,18737,9646,9091,18255,9369,8886,0,0,0,0,0,0,0,0,0,0,0,0
1053,12,000,State - ARUNACHAL PRADESH,Total,8,35939,18189,17750,11994,5695,6299,23945,12494,11451,23531,12254,11277,0,0,0,0,0,0,0,0,0,0,0,0
1054,12,000,State - ARUNACHAL PRADESH,Total,9,31798,16208,15590,8384,4029,4355,23414,12179,11235,19927,10340,9587,3130,1620,1510,0,0,0,0,0,0,0,0,0
1055,12,000,State - ARUNACHAL PRADESH,Total,10,39407,20115,19292,9565,4573,4992,29842,15542,14300,21366,11096,10270,8045,4217,3828,0,0,0,0,0,0,0,0,0
1056,12,000,State - ARUNACHAL PRADESH,Total,11,33595,17170,16425,6513,3010,3503,27082,14160,12922,13304,6997,6307,13391,6965,6426,0,0,0,0,0,0,0,0,0
1057,12,000,State - ARUNACHAL PRADESH,Total,12,38453,19251,19202,6453,2849,3604,32000,16402,15598,10644,5530,5114,18310,9256,9054,2652,1389,1263,0,0,0,0,0,0
1058,12,000,State - ARUNACHAL PRADESH,Total,13,32977,16365,16612,4648,1991,2657,28329,14374,13955,5887,3105,2782,16154,8118,8036,5929,2956,2973,0,0,0,0,0,0
1059,12,000,State - ARUNACHAL PRADESH,Total,14,34927,17538,17389,4676,1979,2697,30251,15559,14692,4214,2223,1991,13883,7131,6752,11810,6014,5796,0,0,0,0,0,0
1060,12,000,State - ARUNACHAL PRADESH,Total,15,35678,18039,17639,5320,2329,2991,30358,15710,14648,2938,1528,1410,10702,5568,5134,11391,5841,5550,4976,2558,2418,0,0,0
1061,12,000,State - ARUNACHAL PRADESH,Total,16,32577,16310,16267,4537,1903,2634,28040,14407,13633,2237,1188,1049,7605,3926,3679,9610,4936,4674,8224,4161,4063,0,0,0
1062,12,000,State - ARUNACHAL PRADESH,Total,17,27940,14261,13679,4104,1741,2363,23836,12520,11316,1496,840,656,5060,2660,2400,7002,3784,3218,9960,5066,4894,0,0,0
1063,12,000,State - ARUNACHAL PRADESH,Total,18,34053,17304,16749,6064,2456,3608,27989,14848,13141,1930,1080,850,5658,2989,2669,7250,3836,3414,12667,6668,5999,0,0,0
1064,12,000,State - ARUNACHAL PRADESH,Total,19,25720,12759,12961,4951,1913,3038,20769,10846,9923,1346,725,621,3703,1946,1757,4891,2560,2331,10468,5440,5028,0,0,0
1065,12,000,State - ARUNACHAL PRADESH,Total,20-24,131696,66033,65663,30580,11537,19043,101116,54496,46620,6747,3534,3213,17294,8618,8676,20514,10524,9990,44513,25487,19026,9626,5076,4550
1066,12,000,State - ARUNACHAL PRADESH,Total,25-29,123714,63366,60348,36163,13019,23144,87551,50347,37204,6290,3312,2978,16184,8223,7961,18143,9798,8345,29661,18758,10903,13523,8204,5319
1067,12,000,State - ARUNACHAL PRADESH,Total,30-34,101171,52462,48709,34994,12488,22506,66177,39974,26203,5283,2764,2519,13148,6960,6188,14275,8382,5893,21216,13702,7514,9206,6375,2831
1068,12,000,State - ARUNACHAL PRADESH,Total,35-39,94391,48211,46180,39052,13757,25295,55339,34454,20885,5120,2816,2304,11673,6451,5222,12065,7437,4628,17151,11272,5879,6767,5015,1752
1069,12,000,State - ARUNACHAL PRADESH,Total,40-44,78603,42861,35742,36998,14176,22822,41605,28685,12920,4019,2438,1581,8810,5508,3302,8562,5974,2588,13051,9541,3510,5226,4019,1207
1070,12,000,State - ARUNACHAL PRADESH,Total,45-49,63679,35173,28506,34064,13459,20605,29615,21714,7901,3401,2243,1158,6584,4525,2059,5564,4194,1370,8319,6354,1965,4250,3450,800
1071,12,000,State - ARUNACHAL PRADESH,Total,50-54,46110,26487,19623,28525,12575,15950,17585,13912,3673,2499,1843,656,4053,3143,910,2894,2341,553,4372,3602,770,2733,2298,435
1072,12,000,State - ARUNACHAL PRADESH,Total,55-59,29886,16996,12890,20715,9399,11316,9171,7597,1574,1598,1282,316,2324,1881,443,1290,1073,217,1882,1644,238,1446,1283,163
1073,12,000,State - ARUNACHAL PRADESH,Total,60-64,25445,13492,11953,20181,9295,10886,5264,4197,1067,1222,954,268,1590,1285,305,794,646,148,791,661,130,374,335,39
1074,12,000,State - ARUNACHAL PRADESH,Total,65-69,14973,7642,7331,12081,5452,6629,2892,2190,702,720,572,148,816,635,181,452,330,122,468,353,115,149,134,15
1075,12,000,State - ARUNACHAL PRADESH,Total,70-74,10647,5547,5100,9049,4300,4749,1598,1247,351,424,335,89,466,382,84,221,174,47,204,160,44,74,66,8
1076,12,000,State - ARUNACHAL PRADESH,Total,75-79,5135,2687,2448,4391,2100,2291,744,587,157,199,166,33,209,167,42,111,88,23,91,69,22,29,24,5
1077,12,000,State - ARUNACHAL PRADESH,Total,80+,7439,3821,3618,5620,2636,2984,1819,1185,634,278,190,88,426,256,170,318,197,121,491,340,151,119,90,29
1078,12,000,State - ARUNACHAL PRADESH,Total,Age not stated,1509,859,650,572,263,309,937,596,341,101,64,37,151,88,63,110,61,49,176,120,56,84,61,23
1079,12,000,State - ARUNACHAL PRADESH,Rural,All ages,1066358,546011,520347,530456,236621,293835,535902,309390,226512,130062,70679,59383,144994,79508,65486,103066,58908,44158,112460,70555,41905,27668,19476,8192
1080,12,000,State - ARUNACHAL PRADESH,Rural,0-6,172289,87241,85048,172289,87241,85048,0,0,0,0,0,0,0,0,0,0,0,0,0,0,0,0,0,0
1081,12,000,State - ARUNACHAL PRADESH,Rural,7,27301,13811,13490,13417,6591,6826,13884,7220,6664,13517,6998,6519,0,0,0,0,0,0,0,0,0,0,0,0
1082,12,000,State - ARUNACHAL PRADESH,Rural,8,29123,14781,14342,10734,5138,5596,18389,9643,8746,18051,9449,8602,0,0,0,0,0,0,0,0,0,0,0,0
1083,12,000,State - ARUNACHAL PRADESH,Rural,9,25408,12997,12411,7475,3610,3865,17933,9387,8546,15282,7973,7309,2369,1235,1134,0,0,0,0,0,0,0,0,0
1084,12,000,State - ARUNACHAL PRADESH,Rural,10,31540,16093,15447,8488,4078,4410,23052,12015,11037,16724,8671,8053,5981,3156,2825,0,0,0,0,0,0,0,0,0
1085,12,000,State - ARUNACHAL PRADESH,Rural,11,26291,13515,12776,5757,2699,3058,20534,10816,9718,10540,5558,4982,9696,5100,4596,0,0,0,0,0,0,0,0,0
1086,12,000,State - ARUNACHAL PRADESH,Rural,12,30343,15243,15100,5764,2586,3178,24579,12657,11922,8818,4603,4215,13612,6881,6731,1838,985,853,0,0,0,0,0,0
1087,12,000,State - ARUNACHAL PRADESH,Rural,13,25209,12612,12597,4064,1783,2281,21145,10829,10316,4889,2604,2285,12032,6093,5939,3940,1981,1959,0,0,0,0,0,0
1088,12,000,State - ARUNACHAL PRADESH,Rural,14,26643,13517,13126,4028,1765,2263,22615,11752,10863,3576,1905,1671,10861,5634,5227,7902,4061,3841,0,0,0,0,0,0
1089,12,000,State - ARUNACHAL PRADESH,Rural,15,27029,13807,13222,4599,2091,2508,22430,11716,10714,2493,1317,1176,8657,4517,4140,7831,4059,3772,3169,1653,1516,0,0,0
1090,12,000,State - ARUNACHAL PRADESH,Rural,16,24106,12239,11867,3876,1683,2193,20230,10556,9674,1912,1030,882,6271,3259,3012,6844,3533,3311,4920,2570,2350,0,0,0
1091,12,000,State - ARUNACHAL PRADESH,Rural,17,20297,10484,9813,3556,1560,1996,16741,8924,7817,1226,694,532,4169,2210,1959,5231,2815,2416,5871,3068,2803,0,0,0
1092,12,000,State - ARUNACHAL PRADESH,Rural,18,25615,12988,12627,5286,2176,3110,20329,10812,9517,1575,880,695,4712,2473,2239,5699,2986,2713,7978,4268,3710,0,0,0
1093,12,000,State - ARUNACHAL PRADESH,Rural,19,19017,9443,9574,4292,1686,2606,14725,7757,6968,1083,582,501,3045,1601,1444,3790,1995,1795,6520,3440,3080,0,0,0
1094,12,000,State - ARUNACHAL PRADESH,Rural,20-24,97891,49023,48868,26770,10239,16531,71121,38784,32337,5505,2892,2613,13947,7026,6921,15635,8151,7484,28830,16794,12036,5310,2937,2373
1095,12,000,State - ARUNACHAL PRADESH,Rural,25-29,90931,45974,44957,31564,11542,20022,59367,34432,24935,5095,2718,2377,12667,6554,6113,13119,7225,5894,18166,11637,6529,7589,4835,2754
1096,12,000,State - ARUNACHAL PRADESH,Rural,30-34,74292,38006,36286,30448,11113,19335,43844,26893,16951,4292,2311,1981,10186,5555,4631,10151,6073,4078,12155,8158,3997,4905,3549,1356
1097,12,000,State - ARUNACHAL PRADESH,Rural,35-39,69148,34826,34322,33681,12065,21616,35467,22761,12706,4065,2315,1750,8644,4959,3685,8199,5221,2978,9404,6596,2808,3330,2610,720
1098,12,000,State - ARUNACHAL PRADESH,Rural,40-44,57742,30631,27111,32240,12575,19665,25502,18056,7446,3100,1939,1161,6289,4089,2200,5455,3883,1572,6883,5313,1570,2410,1969,441
1099,12,000,State - ARUNACHAL PRADESH,Rural,45-49,47781,25465,22316,29938,12007,17931,17843,13458,4385,2624,1781,843,4559,3281,1278,3448,2681,767,4254,3428,826,1853,1575,278
1100,12,000,State - ARUNACHAL PRADESH,Rural,50-54,36249,20048,16201,25512,11383,14129,10737,8665,2072,1985,1491,494,2804,2262,542,1778,1489,289,2184,1862,322,1226,1071,155
1101,12,000,State - ARUNACHAL PRADESH,Rural,55-59,24559,13401,11158,18795,8603,10192,5764,4798,966,1290,1045,245,1676,1377,299,815,697,118,849,760,89,644,584,60
1102,12,000,State - ARUNACHAL PRADESH,Rural,60-64,22262,11659,10603,18461,8569,9892,3801,3090,711,1006,806,200,1232,1023,209,533,453,80,438,380,58,175,155,20
1103,12,000,State - ARUNACHAL PRADESH,Rural,65-69,13346,6755,6591,11224,5104,6120,2122,1651,471,590,480,110,625,503,122,321,246,75,278,220,58,70,63,7
1104,12,000,State - ARUNACHAL PRADESH,Rural,70-74,9647,5048,4599,8418,4068,4350,1229,980,249,352,285,67,374,315,59,154,124,30,124,101,23,38,35,3
1105,12,000,State - ARUNACHAL PRADESH,Rural,75-79,4655,2435,2220,4111,1986,2125,544,449,95,167,142,25,151,129,22,73,62,11,49,38,11,12,12,0
1106,12,000,State - ARUNACHAL PRADESH,Rural,80+,6451,3308,3143,5194,2468,2726,1257,840,417,217,155,62,319,206,113,226,146,80,278,191,87,56,45,11
1107,12,000,State - ARUNACHAL PRADESH,Rural,Age not stated,1193,661,532,475,212,263,718,449,269,88,55,33,116,70,46,84,42,42,110,78,32,50,36,14
1108,12,000,State - ARUNACHAL PRADESH,Urban,All ages,317369,167901,149468,87266,37423,49843,230103,130478,99625,34914,18109,16805,44375,23010,21365,42782,23627,19155,76221,45401,30820,25938,16954,8984
1109,12,000,State - ARUNACHAL PRADESH,Urban,0-6,39899,20383,19516,39899,20383,19516,0,0,0,0,0,0,0,0,0,0,0,0,0,0,0,0,0,0
1110,12,000,State - ARUNACHAL PRADESH,Urban,7,6776,3331,3445,1923,905,1018,4853,2426,2427,4738,2371,2367,0,0,0,0,0,0,0,0,0,0,0,0
1111,12,000,State - ARUNACHAL PRADESH,Urban,8,6816,3408,3408,1260,557,703,5556,2851,2705,5480,2805,2675,0,0,0,0,0,0,0,0,0,0,0,0
1112,12,000,State - ARUNACHAL PRADESH,Urban,9,6390,3211,3179,909,419,490,5481,2792,2689,4645,2367,2278,761,385,376,0,0,0,0,0,0,0,0,0
1113,12,000,State - ARUNACHAL PRADESH,Urban,10,7867,4022,3845,1077,495,582,6790,3527,3263,4642,2425,2217,2064,1061,1003,0,0,0,0,0,0,0,0,0
1114,12,000,State - ARUNACHAL PRADESH,Urban,11,7304,3655,3649,756,311,445,6548,3344,3204,2764,1439,1325,3695,1865,1830,0,0,0,0,0,0,0,0,0
1115,12,000,State - ARUNACHAL PRADESH,Urban,12,8110,4008,4102,689,263,426,7421,3745,3676,1826,927,899,4698,2375,2323,814,404,410,0,0,0,0,0,0
1116,12,000,State - ARUNACHAL PRADESH,Urban,13,7768,3753,4015,584,208,376,7184,3545,3639,998,501,497,4122,2025,2097,1989,975,1014,0,0,0,0,0,0
1117,12,000,State - ARUNACHAL PRADESH,Urban,14,8284,4021,4263,648,214,434,7636,3807,3829,638,318,320,3022,1497,1525,3908,1953,1955,0,0,0,0,0,0
1118,12,000,State - ARUNACHAL PRADESH,Urban,15,8649,4232,4417,721,238,483,7928,3994,3934,445,211,234,2045,1051,994,3560,1782,1778,1807,905,902,0,0,0
1119,12,000,State - ARUNACHAL PRADESH,Urban,16,8471,4071,4400,661,220,441,7810,3851,3959,325,158,167,1334,667,667,2766,1403,1363,3304,1591,1713,0,0,0
1120,12,000,State - ARUNACHAL PRADESH,Urban,17,7643,3777,3866,548,181,367,7095,3596,3499,270,146,124,891,450,441,1771,969,802,4089,1998,2091,0,0,0
1121,12,000,State - ARUNACHAL PRADESH,Urban,18,8438,4316,4122,778,280,498,7660,4036,3624,355,200,155,946,516,430,1551,850,701,4689,2400,2289,0,0,0
1122,12,000,State - ARUNACHAL PRADESH,Urban,19,6703,3316,3387,659,227,432,6044,3089,2955,263,143,120,658,345,313,1101,565,536,3948,2000,1948,0,0,0
1123,12,000,State - ARUNACHAL PRADESH,Urban,20-24,33805,17010,16795,3810,1298,2512,29995,15712,14283,1242,642,600,3347,1592,1755,4879,2373,2506,15683,8693,6990,4316,2139,2177
1124,12,000,State - ARUNACHAL PRADESH,Urban,25-29,32783,17392,15391,4599,1477,3122,28184,15915,12269,1195,594,601,3517,1669,1848,5024,2573,2451,11495,7121,4374,5934,3369,2565
1125,12,000,State - ARUNACHAL PRADESH,Urban,30-34,26879,14456,12423,4546,1375,3171,22333,13081,9252,991,453,538,2962,1405,1557,4124,2309,1815,9061,5544,3517,4301,2826,1475
1126,12,000,State - ARUNACHAL PRADESH,Urban,35-39,25243,13385,11858,5371,1692,3679,19872,11693,8179,1055,501,554,3029,1492,1537,3866,2216,1650,7747,4676,3071,3437,2405,1032
1127,12,000,State - ARUNACHAL PRADESH,Urban,40-44,20861,12230,8631,4758,1601,3157,16103,10629,5474,919,499,420,2521,1419,1102,3107,2091,1016,6168,4228,1940,2816,2050,766
1128,12,000,State - ARUNACHAL PRADESH,Urban,45-49,15898,9708,6190,4126,1452,2674,11772,8256,3516,777,462,315,2025,1244,781,2116,1513,603,4065,2926,1139,2397,1875,522
1129,12,000,State - ARUNACHAL PRADESH,Urban,50-54,9861,6439,3422,3013,1192,1821,6848,5247,1601,514,352,162,1249,881,368,1116,852,264,2188,1740,448,1507,1227,280
1130,12,000,State - ARUNACHAL PRADESH,Urban,55-59,5327,3595,1732,1920,796,1124,3407,2799,608,308,237,71,648,504,144,475,376,99,1033,884,149,802,699,103
1131,12,000,State - ARUNACHAL PRADESH,Urban,60-64,3183,1833,1350,1720,726,994,1463,1107,356,216,148,68,358,262,96,261,193,68,353,281,72,199,180,19
1132,12,000,State - ARUNACHAL PRADESH,Urban,65-69,1627,887,740,857,348,509,770,539,231,130,92,38,191,132,59,131,84,47,190,133,57,79,71,8
1133,12,000,State - ARUNACHAL PRADESH,Urban,70-74,1000,499,501,631,232,399,369,267,102,72,50,22,92,67,25,67,50,17,80,59,21,36,31,5
1134,12,000,State - ARUNACHAL PRADESH,Urban,75-79,480,252,228,280,114,166,200,138,62,32,24,8,58,38,20,38,26,12,42,31,11,17,12,5
1135,12,000,State - ARUNACHAL PRADESH,Urban,80+,988,513,475,426,168,258,562,345,217,61,35,26,107,50,57,92,51,41,213,149,64,63,45,18
1136,12,000,State - ARUNACHAL PRADESH,Urban,Age not stated,316,198,118,97,51,46,219,147,72,13,9,4,35,18,17,26,19,7,66,42,24,34,25,9
1137,13,000,State - NAGALAND,Total,All ages,1978502,1024649,953853,636068,300692,335376,1342434,723957,618477,258594,134218,124376,330358,170554,159804,304611,164734,139877,281452,160007,121445,89718,53023,36695
1138,13,000,State - NAGALAND,Total,0-6,291071,149785,141286,291071,149785,141286,0,0,0,0,0,0,0,0,0,0,0,0,0,0,0,0,0,0
1139,13,000,State - NAGALAND,Total,7,47314,24604,22710,18606,9662,8944,28708,14942,13766,27693,14342,13351,0,0,0,0,0,0,0,0,0,0,0,0
1140,13,000,State - NAGALAND,Total,8,46619,24166,22453,11180,5696,5484,35439,18470,16969,34490,17891,16599,0,0,0,0,0,0,0,0,0,0,0,0
1141,13,000,State - NAGALAND,Total,9,45357,23383,21974,9248,4697,4551,36109,18686,17423,31435,16274,15161,3782,1898,1884,0,0,0,0,0,0,0,0,0
1142,13,000,State - NAGALAND,Total,10,54020,28025,25995,9677,4918,4759,44343,23107,21236,30754,16144,14610,12544,6346,6198,0,0,0,0,0,0,0,0,0
1143,13,000,State - NAGALAND,Total,11,49059,25536,23523,6549,3347,3202,42510,22189,20321,17878,9589,8289,23648,12011,11637,0,0,0,0,0,0,0,0,0
1144,13,000,State - NAGALAND,Total,12,50676,26301,24375,5748,2866,2882,44928,23435,21493,10965,5966,4999,29285,15089,14196,3658,1774,1884,0,0,0,0,0,0
1145,13,000,State - NAGALAND,Total,13,47547,24785,22762,4779,2409,2370,42768,22376,20392,6685,3606,3079,25465,13437,12028,9663,4772,4891,0,0,0,0,0,0
1146,13,000,State - NAGALAND,Total,14,47369,24590,22779,4617,2385,2232,42752,22205,20547,4372,2352,2020,17897,9472,8425,19422,9754,9668,0,0,0,0,0,0
1147,13,000,State - NAGALAND,Total,15,50125,26094,24031,5311,2632,2679,44814,23462,21352,3881,2064,1817,13515,7169,6346,21172,10964,10208,4930,2505,2425,0,0,0
1148,13,000,State - NAGALAND,Total,16,48251,24771,23480,4892,2435,2457,43359,22336,21023,3105,1687,1418,10133,5207,4926,19014,9806,9208,9748,4843,4905,0,0,0
1149,13,000,State - NAGALAND,Total,17,42900,21890,21010,4311,2130,2181,38589,19760,18829,2594,1338,1256,7679,3991,3688,13425,6956,6469,13609,6773,6836,0,0,0
1150,13,000,State - NAGALAND,Total,18,48929,25021,23908,5713,2826,2887,43216,22195,21021,3073,1632,1441,8048,4099,3949,12662,6587,6075,17741,8950,8791,0,0,0
1151,13,000,State - NAGALAND,Total,19,39417,20218,19199,4522,2144,2378,34895,18074,16821,2419,1286,1133,6164,3208,2956,8841,4656,4185,15959,8118,7841,0,0,0
1152,13,000,State - NAGALAND,Total,20-24,204363,103769,100594,26418,12005,14413,177945,91764,86181,12219,6171,6048,31034,15462,15572,41343,21516,19827,66586,35290,31296,16973,8251,8722
1153,13,000,State - NAGALAND,Total,25-29,176901,89598,87303,25860,10879,14981,151041,78719,72322,10307,5008,5299,28085,13352,14733,36249,18837,17412,40227,22739,17488,24411,12928,11483
1154,13,000,State - NAGALAND,Total,30-34,149924,76505,73419,25089,10264,14825,124835,66241,58594,9156,4401,4755,24780,11845,12935,30783,16312,14471,32931,18805,14126,17434,10041,7393
1155,13,000,State - NAGALAND,Total,35-39,128198,64695,63503,26468,10169,16299,101730,54526,47204,8755,4107,4648,22216,10506,11710,26001,13743,12258,25319,15199,10120,11340,7000,4340
1156,13,000,State - NAGALAND,Total,40-44,109261,57653,51608,27261,10817,16444,82000,46836,35164,8274,3917,4357,19071,9714,9357,22005,12702,9303,19129,12149,6980,7072,4916,2156
1157,13,000,State - NAGALAND,Total,45-49,87747,47757,39990,25128,9947,15181,62619,37810,24809,7692,3883,3809,15220,8285,6935,15784,9855,5929,13886,9247,4639,4953,3716,1237
1158,13,000,State - NAGALAND,Total,50-54,65859,36134,29725,22685,9332,13353,43174,26802,16372,6312,3225,3087,11162,6379,4783,9859,6307,3552,8943,6198,2745,3186,2542,644
1159,13,000,State - NAGALAND,Total,55-59,43398,23741,19657,16525,6594,9931,26873,17147,9726,4554,2408,2146,7167,4342,2825,5686,3769,1917,5167,3734,1433,1910,1552,358
1160,13,000,State - NAGALAND,Total,60-64,36519,19683,16836,16511,6695,9816,20008,12988,7020,4166,2327,1839,5866,3610,2256,4035,2813,1222,2993,2262,731,1036,894,142
1161,13,000,State - NAGALAND,Total,65-69,24243,12801,11442,11799,4668,7131,12444,8133,4311,2783,1566,1217,3480,2254,1226,2376,1647,729,1994,1458,536,572,501,71
1162,13,000,State - NAGALAND,Total,70-74,17593,9260,8333,10331,4355,5976,7262,4905,2357,2024,1146,878,1842,1283,559,1196,906,290,1044,805,239,331,287,44
1163,13,000,State - NAGALAND,Total,75-79,10565,5635,4930,6388,2739,3649,4177,2896,1281,1312,820,492,990,699,291,605,473,132,507,407,100,210,178,32
1164,13,000,State - NAGALAND,Total,80+,13806,7400,6406,8922,4075,4847,4884,3325,1559,1552,991,561,1143,810,333,690,498,192,619,459,160,246,182,64
1165,13,000,State - NAGALAND,Total,Age not stated,1471,849,622,459,221,238,1012,628,384,144,77,67,142,86,56,142,87,55,120,66,54,44,35,9
1166,13,000,State - NAGALAND,Rural,All ages,1407536,725472,682064,510873,241451,269422,896663,484021,412642,195040,101132,93908,245799,126574,119225,204421,111718,92703,155993,90728,65265,39983,24521,15462
1167,13,000,State - NAGALAND,Rural,0-6,217482,112483,104999,217482,112483,104999,0,0,0,0,0,0,0,0,0,0,0,0,0,0,0,0,0,0
1168,13,000,State - NAGALAND,Rural,7,35118,18330,16788,15370,7989,7381,19748,10341,9407,19031,9912,9119,0,0,0,0,0,0,0,0,0,0,0,0
1169,13,000,State - NAGALAND,Rural,8,34795,18029,16766,9586,4868,4718,25209,13161,12048,24500,12720,11780,0,0,0,0,0,0,0,0,0,0,0,0
1170,13,000,State - NAGALAND,Rural,9,33490,17259,16231,7936,4029,3907,25554,13230,12324,22402,11612,10790,2522,1259,1263,0,0,0,0,0,0,0,0,0
1171,13,000,State - NAGALAND,Rural,10,40412,21140,19272,8353,4281,4072,32059,16859,15200,23054,12150,10904,8204,4229,3975,0,0,0,0,0,0,0,0,0
1172,13,000,State - NAGALAND,Rural,11,35806,18749,17057,5668,2921,2747,30138,15828,14310,13983,7465,6518,15405,7915,7490,0,0,0,0,0,0,0,0,0
1173,13,000,State - NAGALAND,Rural,12,37210,19355,17855,5021,2518,2503,32189,16837,15352,8778,4758,4020,20279,10476,9803,2352,1147,1205,0,0,0,0,0,0
1174,13,000,State - NAGALAND,Rural,13,34002,17795,16207,4116,2090,2026,29886,15705,14181,5348,2873,2475,18141,9557,8584,5681,2856,2825,0,0,0,0,0,0
1175,13,000,State - NAGALAND,Rural,14,33719,17619,16100,3955,2063,1892,29764,15556,14208,3442,1856,1586,13523,7105,6418,11998,6129,5869,0,0,0,0,0,0
1176,13,000,State - NAGALAND,Rural,15,36172,18914,17258,4545,2253,2292,31627,16661,14966,3050,1627,1423,10768,5704,5064,13901,7248,6653,2900,1502,1398,0,0,0
1177,13,000,State - NAGALAND,Rural,16,34251,17583,16668,4193,2083,2110,30058,15500,14558,2428,1334,1094,8049,4108,3941,12722,6524,6198,5769,2901,2868,0,0,0
1178,13,000,State - NAGALAND,Rural,17,29742,15280,14462,3662,1797,1865,26080,13483,12597,2008,1030,978,6125,3167,2958,9315,4862,4453,7656,3895,3761,0,0,0
1179,13,000,State - NAGALAND,Rural,18,34757,17757,17000,4890,2409,2481,29867,15348,14519,2393,1239,1154,6477,3224,3253,9208,4823,4385,10461,5335,5126,0,0,0
1180,13,000,State - NAGALAND,Rural,19,27004,13825,13179,3849,1832,2017,23155,11993,11162,1853,955,898,4836,2479,2357,6385,3325,3060,8964,4659,4305,0,0,0
1181,13,000,State - NAGALAND,Rural,20-24,139581,70944,68637,22306,10181,12125,117275,60763,56512,9682,4836,4846,24505,11964,12541,29143,15213,13930,38538,20862,17676,8153,4158,3995
1182,13,000,State - NAGALAND,Rural,25-29,117131,58588,58543,21276,8932,12344,95855,49656,46199,8186,3876,4310,21685,10153,11532,24314,12648,11666,22465,12806,9659,11279,6298,4981
1183,13,000,State - NAGALAND,Rural,30-34,100492,50782,49710,20585,8377,12208,79907,42405,37502,7401,3525,3876,19255,9131,10124,21036,11342,9694,17768,10442,7326,7807,4702,3105
1184,13,000,State - NAGALAND,Rural,35-39,87170,43067,44103,21764,8292,13472,65406,34775,30631,6929,3220,3709,17045,8072,8973,17489,9325,8164,13571,8393,5178,4822,3134,1688
1185,13,000,State - NAGALAND,Rural,40-44,76029,39211,36818,22945,9104,13841,53084,30107,22977,6523,3064,3459,14533,7433,7100,14541,8434,6107,10071,6727,3344,2939,2118,821
1186,13,000,State - NAGALAND,Rural,45-49,61345,32644,28701,21319,8457,12862,40026,24187,15839,6014,3015,2999,11225,6105,5120,10259,6555,3704,6987,4959,2028,2017,1594,423
1187,13,000,State - NAGALAND,Rural,50-54,47518,25376,22142,19644,8094,11550,27874,17282,10592,4977,2532,2445,8168,4683,3485,6392,4243,2149,4465,3280,1185,1219,1024,195
1188,13,000,State - NAGALAND,Rural,55-59,31751,16898,14853,14412,5812,8600,17339,11086,6253,3573,1874,1699,5114,3131,1983,3663,2539,1124,2541,1946,595,747,630,117
1189,13,000,State - NAGALAND,Rural,60-64,28201,14898,13303,14571,5976,8595,13630,8922,4708,3301,1862,1439,4307,2700,1607,2672,1968,704,1531,1226,305,403,352,51
1190,13,000,State - NAGALAND,Rural,65-69,18939,9930,9009,10386,4197,6189,8553,5733,2820,2200,1289,911,2543,1721,822,1587,1152,435,1052,809,243,233,208,25
1191,13,000,State - NAGALAND,Rural,70-74,14353,7550,6803,9242,4002,5240,5111,3548,1563,1591,952,639,1370,1003,367,786,636,150,569,454,115,142,124,18
1192,13,000,State - NAGALAND,Rural,75-79,8629,4606,4023,5674,2518,3156,2955,2088,867,1047,670,377,742,552,190,389,323,66,269,228,41,84,70,14
1193,13,000,State - NAGALAND,Rural,80+,11163,6128,5035,7700,3687,4013,3463,2441,1022,1219,816,403,850,625,225,474,361,113,324,254,70,100,77,23
1194,13,000,State - NAGALAND,Rural,Age not stated,1274,732,542,423,206,217,851,526,325,127,70,57,128,78,50,114,65,49,92,50,42,38,32,6
1195,13,000,State - NAGALAND,Urban,All ages,570966,299177,271789,125195,59241,65954,445771,239936,205835,63554,33086,30468,84559,43980,40579,100190,53016,47174,125459,69279,56180,49735,28502,21233
1196,13,000,State - NAGALAND,Urban,0-6,73589,37302,36287,73589,37302,36287,0,0,0,0,0,0,0,0,0,0,0,0,0,0,0,0,0,0
1197,13,000,State - NAGALAND,Urban,7,12196,6274,5922,3236,1673,1563,8960,4601,4359,8662,4430,4232,0,0,0,0,0,0,0,0,0,0,0,0
1198,13,000,State - NAGALAND,Urban,8,11824,6137,5687,1594,828,766,10230,5309,4921,9990,5171,4819,0,0,0,0,0,0,0,0,0,0,0,0
1199,13,000,State - NAGALAND,Urban,9,11867,6124,5743,1312,668,644,10555,5456,5099,9033,4662,4371,1260,639,621,0,0,0,0,0,0,0,0,0
1200,13,000,State - NAGALAND,Urban,10,13608,6885,6723,1324,637,687,12284,6248,6036,7700,3994,3706,4340,2117,2223,0,0,0,0,0,0,0,0,0
1201,13,000,State - NAGALAND,Urban,11,13253,6787,6466,881,426,455,12372,6361,6011,3895,2124,1771,8243,4096,4147,0,0,0,0,0,0,0,0,0
1202,13,000,State - NAGALAND,Urban,12,13466,6946,6520,727,348,379,12739,6598,6141,2187,1208,979,9006,4613,4393,1306,627,679,0,0,0,0,0,0
1203,13,000,State - NAGALAND,Urban,13,13545,6990,6555,663,319,344,12882,6671,6211,1337,733,604,7324,3880,3444,3982,1916,2066,0,0,0,0,0,0
1204,13,000,State - NAGALAND,Urban,14,13650,6971,6679,662,322,340,12988,6649,6339,930,496,434,4374,2367,2007,7424,3625,3799,0,0,0,0,0,0
1205,13,000,State - NAGALAND,Urban,15,13953,7180,6773,766,379,387,13187,6801,6386,831,437,394,2747,1465,1282,7271,3716,3555,2030,1003,1027,0,0,0
1206,13,000,State - NAGALAND,Urban,16,14000,7188,6812,699,352,347,13301,6836,6465,677,353,324,2084,1099,985,6292,3282,3010,3979,1942,2037,0,0,0
1207,13,000,State - NAGALAND,Urban,17,13158,6610,6548,649,333,316,12509,6277,6232,586,308,278,1554,824,730,4110,2094,2016,5953,2878,3075,0,0,0
1208,13,000,State - NAGALAND,Urban,18,14172,7264,6908,823,417,406,13349,6847,6502,680,393,287,1571,875,696,3454,1764,1690,7280,3615,3665,0,0,0
1209,13,000,State - NAGALAND,Urban,19,12413,6393,6020,673,312,361,11740,6081,5659,566,331,235,1328,729,599,2456,1331,1125,6995,3459,3536,0,0,0
1210,13,000,State - NAGALAND,Urban,20-24,64782,32825,31957,4112,1824,2288,60670,31001,29669,2537,1335,1202,6529,3498,3031,12200,6303,5897,28048,14428,13620,8820,4093,4727
1211,13,000,State - NAGALAND,Urban,25-29,59770,31010,28760,4584,1947,2637,55186,29063,26123,2121,1132,989,6400,3199,3201,11935,6189,5746,17762,9933,7829,13132,6630,6502
1212,13,000,State - NAGALAND,Urban,30-34,49432,25723,23709,4504,1887,2617,44928,23836,21092,1755,876,879,5525,2714,2811,9747,4970,4777,15163,8363,6800,9627,5339,4288
1213,13,000,State - NAGALAND,Urban,35-39,41028,21628,19400,4704,1877,2827,36324,19751,16573,1826,887,939,5171,2434,2737,8512,4418,4094,11748,6806,4942,6518,3866,2652
1214,13,000,State - NAGALAND,Urban,40-44,33232,18442,14790,4316,1713,2603,28916,16729,12187,1751,853,898,4538,2281,2257,7464,4268,3196,9058,5422,3636,4133,2798,1335
1215,13,000,State - NAGALAND,Urban,45-49,26402,15113,11289,3809,1490,2319,22593,13623,8970,1678,868,810,3995,2180,1815,5525,3300,2225,6899,4288,2611,2936,2122,814
1216,13,000,State - NAGALAND,Urban,50-54,18341,10758,7583,3041,1238,1803,15300,9520,5780,1335,693,642,2994,1696,1298,3467,2064,1403,4478,2918,1560,1967,1518,449
1217,13,000,State - NAGALAND,Urban,55-59,11647,6843,4804,2113,782,1331,9534,6061,3473,981,534,447,2053,1211,842,2023,1230,793,2626,1788,838,1163,922,241
1218,13,000,State - NAGALAND,Urban,60-64,8318,4785,3533,1940,719,1221,6378,4066,2312,865,465,400,1559,910,649,1363,845,518,1462,1036,426,633,542,91
1219,13,000,State - NAGALAND,Urban,65-69,5304,2871,2433,1413,471,942,3891,2400,1491,583,277,306,937,533,404,789,495,294,942,649,293,339,293,46
1220,13,000,State - NAGALAND,Urban,70-74,3240,1710,1530,1089,353,736,2151,1357,794,433,194,239,472,280,192,410,270,140,475,351,124,189,163,26
1221,13,000,State - NAGALAND,Urban,75-79,1936,1029,907,714,221,493,1222,808,414,265,150,115,248,147,101,216,150,66,238,179,59,126,108,18
1222,13,000,State - NAGALAND,Urban,80+,2643,1272,1371,1222,388,834,1421,884,537,333,175,158,293,185,108,216,137,79,295,205,90,146,105,41
1223,13,000,State - NAGALAND,Urban,Age not stated,197,117,80,36,15,21,161,102,59,17,7,10,14,8,6,28,22,6,28,16,12,6,3,3
1224,14,000,State - MANIPUR,Total,All ages,2855794,1438586,1417208,947318,398728,548590,1908476,1039858,868618,243566,123662,119904,326953,164889,162064,457032,251129,205903,563369,315644,247725,225620,135082,90538
1225,14,000,State - MANIPUR,Total,0-6,375357,194484,180873,375357,194484,180873,0,0,0,0,0,0,0,0,0,0,0,0,0,0,0,0,0,0
1226,14,000,State - MANIPUR,Total,7,59467,30285,29182,22057,10986,11071,37410,19299,18111,36064,18519,17545,0,0,0,0,0,0,0,0,0,0,0,0
1227,14,000,State - MANIPUR,Total,8,59412,30471,28941,15489,7685,7804,43923,22786,21137,42951,22235,20716,0,0,0,0,0,0,0,0,0,0,0,0
1228,14,000,State - MANIPUR,Total,9,53689,27686,26003,11163,5549,5614,42526,22137,20389,33017,17188,15829,8673,4485,4188,0,0,0,0,0,0,0,0,0
1229,14,000,State - MANIPUR,Total,10,67741,35162,32579,12233,6070,6163,55508,29092,26416,33021,17353,15668,21500,11193,10307,0,0,0,0,0,0,0,0,0
1230,14,000,State - MANIPUR,Total,11,59530,30781,28749,8248,4137,4111,51282,26644,24638,18545,9641,8904,31872,16527,15345,0,0,0,0,0,0,0,0,0
1231,14,000,State - MANIPUR,Total,12,64919,33380,31539,7565,3606,3959,57354,29774,27580,11462,6068,5394,35842,18516,17326,9192,4706,4486,0,0,0,0,0,0
1232,14,000,State - MANIPUR,Total,13,60556,30843,29713,5766,2721,3045,54790,28122,26668,6013,3116,2897,28805,14821,13984,19195,9768,9427,0,0,0,0,0,0
1233,14,000,State - MANIPUR,Total,14,61017,30980,30037,5556,2526,3030,55461,28454,27007,3230,1690,1540,19222,9843,9379,32197,16473,15724,0,0,0,0,0,0
1234,14,000,State - MANIPUR,Total,15,62680,31912,30768,5850,2656,3194,56830,29256,27574,2324,1144,1180,13087,6795,6292,27702,14185,13517,12748,6620,6128,0,0,0
1235,14,000,State - MANIPUR,Total,16,56560,28529,28031,5516,2415,3101,51044,26114,24930,1691,826,865,8443,4243,4200,20559,10535,10024,19398,10001,9397,0,0,0
1236,14,000,State - MANIPUR,Total,17,52601,26464,26137,5208,2173,3035,47393,24291,23102,1315,661,654,5955,2945,3010,15469,7821,7648,23640,12349,11291,0,0,0
1237,14,000,State - MANIPUR,Total,18,64850,32559,32291,7858,3310,4548,56992,29249,27743,1640,745,895,6548,3230,3318,17060,8694,8366,30321,15842,14479,0,0,0
1238,14,000,State - MANIPUR,Total,19,50317,25031,25286,6030,2427,3603,44287,22604,21683,1157,554,603,4520,2140,2380,11443,5731,5712,25913,13591,12322,0,0,0
1239,14,000,State - MANIPUR,Total,20-24,281782,139587,142195,38385,14659,23726,243397,124928,118469,6199,2710,3489,23582,10679,12903,60068,29922,30146,116683,61993,54690,27090,14744,12346
1240,14,000,State - MANIPUR,Total,25-29,270477,132888,137589,42965,14948,28017,227512,117940,109572,5847,2420,3427,21201,9482,11719,54094,27692,26402,92654,49079,43575,39660,21851,17809
1241,14,000,State - MANIPUR,Total,30-34,220954,109678,111276,40130,13669,26461,180824,96009,84815,5214,2143,3071,18059,8047,10012,41649,22207,19442,67487,36851,30636,37395,20949,16446
1242,14,000,State - MANIPUR,Total,35-39,198453,98019,100434,44538,14125,30413,153915,83894,70021,5203,2075,3128,16533,7564,8969,36958,20552,16406,51926,29334,22592,33829,19462,14367
1243,14,000,State - MANIPUR,Total,40-44,170829,85896,84933,46722,14649,32073,124107,71247,52860,4854,2023,2831,14417,6687,7730,29785,17824,11961,39463,23809,15654,27377,16433,10944
1244,14,000,State - MANIPUR,Total,45-49,147030,73917,73113,47351,14438,32913,99679,59479,40200,4844,2003,2841,12954,6321,6633,24373,15287,9086,28930,18270,10660,21743,13844,7899
1245,14,000,State - MANIPUR,Total,50-54,120277,60598,59679,44389,13947,30442,75888,46651,29237,4400,2008,2392,10644,5492,5152,19606,12523,7083,20157,13288,6869,15759,10393,5366
1246,14,000,State - MANIPUR,Total,55-59,89499,45409,44090,36436,11194,25242,53063,34215,18848,3614,1684,1930,8165,4471,3694,14432,9791,4641,13097,9069,4028,9900,7016,2884
1247,14,000,State - MANIPUR,Total,60-64,71897,36567,35330,33997,10700,23297,37900,25867,12033,3303,1764,1539,6551,4050,2501,10060,7235,2825,8773,6270,2503,6206,4821,1385
1248,14,000,State - MANIPUR,Total,65-69,46648,23218,23430,24799,7455,17344,21849,15763,6086,2355,1393,962,3787,2517,1270,5735,4389,1346,5053,3902,1151,2956,2499,457
1249,14,000,State - MANIPUR,Total,70-74,34253,16776,17477,20846,6626,14220,13407,10150,3257,1953,1290,663,2563,1872,691,3076,2496,580,2747,2241,506,1617,1434,183
1250,14,000,State - MANIPUR,Total,75-79,21428,10663,10765,13549,4479,9070,7879,6184,1695,1262,949,313,1665,1294,371,1734,1447,287,1428,1200,228,781,693,88
1251,14,000,State - MANIPUR,Total,80+,25794,12571,13223,17098,6146,10952,8696,6425,2271,1494,1152,342,1766,1378,388,1756,1365,391,1679,1239,440,775,604,171
1252,14,000,State - MANIPUR,Total,Age not stated,7777,4232,3545,2217,948,1269,5560,3284,2276,594,308,286,599,297,302,889,486,403,1272,696,576,532,339,193
1253,14,000,State - MANIPUR,Rural,All ages,2021640,1026884,994756,738781,316750,422031,1282859,710134,572725,182156,92797,89359,250145,127663,122482,321923,180386,141537,358154,205962,152192,103602,66363,37239
1254,14,000,State - MANIPUR,Rural,0-6,273946,142443,131503,273946,142443,131503,0,0,0,0,0,0,0,0,0,0,0,0,0,0,0,0,0,0
1255,14,000,State - MANIPUR,Rural,7,44012,22522,21490,17635,8799,8836,26377,13723,12654,25368,13132,12236,0,0,0,0,0,0,0,0,0,0,0,0
1256,14,000,State - MANIPUR,Rural,8,44147,22722,21425,12785,6368,6417,31362,16354,15008,30638,15934,14704,0,0,0,0,0,0,0,0,0,0,0,0
1257,14,000,State - MANIPUR,Rural,9,39720,20519,19201,9281,4615,4666,30439,15904,14535,23413,12208,11205,6377,3330,3047,0,0,0,0,0,0,0,0,0
1258,14,000,State - MANIPUR,Rural,10,50337,26125,24212,10258,5090,5168,40079,21035,19044,24037,12619,11418,15266,7980,7286,0,0,0,0,0,0,0,0,0
1259,14,000,State - MANIPUR,Rural,11,43713,22732,20981,7029,3564,3465,36684,19168,17516,13963,7292,6671,22044,11493,10551,0,0,0,0,0,0,0,0,0
1260,14,000,State - MANIPUR,Rural,12,48016,24906,23110,6571,3168,3403,41445,21738,19707,9117,4854,4263,25314,13206,12108,6331,3292,3039,0,0,0,0,0,0
1261,14,000,State - MANIPUR,Rural,13,44150,22690,21460,5031,2405,2626,39119,20285,18834,4910,2541,2369,20853,10872,9981,12741,6541,6200,0,0,0,0,0,0
1262,14,000,State - MANIPUR,Rural,14,44626,22761,21865,4892,2244,2648,39734,20517,19217,2720,1422,1298,14701,7573,7128,21696,11190,10506,0,0,0,0,0,0
1263,14,000,State - MANIPUR,Rural,15,46177,23624,22553,5096,2350,2746,41081,21274,19807,1944,956,988,10657,5573,5084,19271,9928,9343,8432,4399,4033,0,0,0
1264,14,000,State - MANIPUR,Rural,16,42105,21324,20781,4927,2190,2737,37178,19134,18044,1441,710,731,7064,3540,3524,15137,7791,7346,12791,6701,6090,0,0,0
1265,14,000,State - MANIPUR,Rural,17,38640,19511,19129,4642,1984,2658,33998,17527,16471,1088,537,551,4943,2452,2491,11599,5908,5691,15573,8229,7344,0,0,0
1266,14,000,State - MANIPUR,Rural,18,48729,24691,24038,6916,2997,3919,41813,21694,20119,1333,586,747,5521,2744,2777,13131,6789,6342,20695,10980,9715,0,0,0
1267,14,000,State - MANIPUR,Rural,19,37388,18756,18632,5398,2193,3205,31990,16563,15427,977,458,519,3805,1822,1983,8716,4445,4271,17505,9370,8135,0,0,0
1268,14,000,State - MANIPUR,Rural,20-24,204739,102223,102516,33976,13289,20687,170763,88934,81829,5263,2302,2961,19695,8959,10736,44122,22344,21778,78923,42672,36251,15261,8844,6417
1269,14,000,State - MANIPUR,Rural,25-29,188887,93626,95261,37053,13250,23803,151834,80376,71458,4981,2076,2905,17618,7930,9688,39096,20395,18701,59305,32334,26971,20441,12053,8388
1270,14,000,State - MANIPUR,Rural,30-34,151922,76143,75779,34145,12035,22110,117777,64108,53669,4383,1801,2582,14904,6785,8119,29781,16252,13529,42725,24199,18526,17956,10760,7196
1271,14,000,State - MANIPUR,Rural,35-39,135625,67639,67986,37122,12224,24898,98503,55415,43088,4298,1733,2565,13540,6376,7164,26210,15040,11170,32491,19161,13330,15276,9495,5781
1272,14,000,State - MANIPUR,Rural,40-44,117107,59442,57665,38610,12656,25954,78497,46786,31711,3952,1701,2251,11639,5586,6053,20949,12974,7975,24216,15385,8831,11883,7846,4037
1273,14,000,State - MANIPUR,Rural,45-49,100201,50660,49541,38486,12391,26095,61715,38269,23446,3932,1671,2261,10290,5172,5118,16719,10927,5792,17118,11436,5682,8841,6302,2539
1274,14,000,State - MANIPUR,Rural,50-54,80585,41105,39480,35404,11990,23414,45181,29115,16066,3518,1666,1852,8139,4434,3705,12824,8644,4180,11095,7822,3273,5853,4374,1479
1275,14,000,State - MANIPUR,Rural,55-59,59601,30555,29046,28540,9494,19046,31061,21061,10000,2813,1410,1403,6011,3535,2476,9225,6637,2588,6794,5082,1712,3588,2851,737
1276,14,000,State - MANIPUR,Rural,60-64,48223,24875,23348,25964,9026,16938,22259,15849,6410,2557,1434,1123,4759,3121,1638,6301,4805,1496,4488,3487,1001,2120,1775,345
1277,14,000,State - MANIPUR,Rural,65-69,31006,15677,15329,18173,6097,12076,12833,9580,3253,1762,1087,675,2649,1860,789,3587,2892,695,2437,2007,430,1068,964,104
1278,14,000,State - MANIPUR,Rural,70-74,22588,11301,11287,14733,5170,9563,7855,6131,1724,1413,985,428,1742,1356,386,1877,1605,272,1313,1117,196,547,501,46
1279,14,000,State - MANIPUR,Rural,75-79,13656,6961,6695,9252,3432,5820,4404,3529,875,871,663,208,1047,855,192,981,857,124,601,515,86,253,229,24
1280,14,000,State - MANIPUR,Rural,80+,16142,8208,7934,11175,4534,6641,4967,3674,1293,1013,788,225,1091,862,229,982,755,227,856,619,237,262,197,65
1281,14,000,State - MANIPUR,Rural,Age not stated,5652,3143,2509,1741,752,989,3911,2391,1520,451,231,220,476,247,229,647,375,272,796,447,349,253,172,81
1282,14,000,State - MANIPUR,Urban,All ages,834154,411702,422452,208537,81978,126559,625617,329724,295893,61410,30865,30545,76808,37226,39582,135109,70743,64366,205215,109682,95533,122018,68719,53299
1283,14,000,State - MANIPUR,Urban,0-6,101411,52041,49370,101411,52041,49370,0,0,0,0,0,0,0,0,0,0,0,0,0,0,0,0,0,0
1284,14,000,State - MANIPUR,Urban,7,15455,7763,7692,4422,2187,2235,11033,5576,5457,10696,5387,5309,0,0,0,0,0,0,0,0,0,0,0,0
1285,14,000,State - MANIPUR,Urban,8,15265,7749,7516,2704,1317,1387,12561,6432,6129,12313,6301,6012,0,0,0,0,0,0,0,0,0,0,0,0
1286,14,000,State - MANIPUR,Urban,9,13969,7167,6802,1882,934,948,12087,6233,5854,9604,4980,4624,2296,1155,1141,0,0,0,0,0,0,0,0,0
1287,14,000,State - MANIPUR,Urban,10,17404,9037,8367,1975,980,995,15429,8057,7372,8984,4734,4250,6234,3213,3021,0,0,0,0,0,0,0,0,0
1288,14,000,State - MANIPUR,Urban,11,15817,8049,7768,1219,573,646,14598,7476,7122,4582,2349,2233,9828,5034,4794,0,0,0,0,0,0,0,0,0
1289,14,000,State - MANIPUR,Urban,12,16903,8474,8429,994,438,556,15909,8036,7873,2345,1214,1131,10528,5310,5218,2861,1414,1447,0,0,0,0,0,0
1290,14,000,State - MANIPUR,Urban,13,16406,8153,8253,735,316,419,15671,7837,7834,1103,575,528,7952,3949,4003,6454,3227,3227,0,0,0,0,0,0
1291,14,000,State - MANIPUR,Urban,14,16391,8219,8172,664,282,382,15727,7937,7790,510,268,242,4521,2270,2251,10501,5283,5218,0,0,0,0,0,0
1292,14,000,State - MANIPUR,Urban,15,16503,8288,8215,754,306,448,15749,7982,7767,380,188,192,2430,1222,1208,8431,4257,4174,4316,2221,2095,0,0,0
1293,14,000,State - MANIPUR,Urban,16,14455,7205,7250,589,225,364,13866,6980,6886,250,116,134,1379,703,676,5422,2744,2678,6607,3300,3307,0,0,0
1294,14,000,State - MANIPUR,Urban,17,13961,6953,7008,566,189,377,13395,6764,6631,227,124,103,1012,493,519,3870,1913,1957,8067,4120,3947,0,0,0
1295,14,000,State - MANIPUR,Urban,18,16121,7868,8253,942,313,629,15179,7555,7624,307,159,148,1027,486,541,3929,1905,2024,9626,4862,4764,0,0,0
1296,14,000,State - MANIPUR,Urban,19,12929,6275,6654,632,234,398,12297,6041,6256,180,96,84,715,318,397,2727,1286,1441,8408,4221,4187,0,0,0
1297,14,000,State - MANIPUR,Urban,20-24,77043,37364,39679,4409,1370,3039,72634,35994,36640,936,408,528,3887,1720,2167,15946,7578,8368,37760,19321,18439,11829,5900,5929
1298,14,000,State - MANIPUR,Urban,25-29,81590,39262,42328,5912,1698,4214,75678,37564,38114,866,344,522,3583,1552,2031,14998,7297,7701,33349,16745,16604,19219,9798,9421
1299,14,000,State - MANIPUR,Urban,30-34,69032,33535,35497,5985,1634,4351,63047,31901,31146,831,342,489,3155,1262,1893,11868,5955,5913,24762,12652,12110,19439,10189,9250
1300,14,000,State - MANIPUR,Urban,35-39,62828,30380,32448,7416,1901,5515,55412,28479,26933,905,342,563,2993,1188,1805,10748,5512,5236,19435,10173,9262,18553,9967,8586
1301,14,000,State - MANIPUR,Urban,40-44,53722,26454,27268,8112,1993,6119,45610,24461,21149,902,322,580,2778,1101,1677,8836,4850,3986,15247,8424,6823,15494,8587,6907
1302,14,000,State - MANIPUR,Urban,45-49,46829,23257,23572,8865,2047,6818,37964,21210,16754,912,332,580,2664,1149,1515,7654,4360,3294,11812,6834,4978,12902,7542,5360
1303,14,000,State - MANIPUR,Urban,50-54,39692,19493,20199,8985,1957,7028,30707,17536,13171,882,342,540,2505,1058,1447,6782,3879,2903,9062,5466,3596,9906,6019,3887
1304,14,000,State - MANIPUR,Urban,55-59,29898,14854,15044,7896,1700,6196,22002,13154,8848,801,274,527,2154,936,1218,5207,3154,2053,6303,3987,2316,6312,4165,2147
1305,14,000,State - MANIPUR,Urban,60-64,23674,11692,11982,8033,1674,6359,15641,10018,5623,746,330,416,1792,929,863,3759,2430,1329,4285,2783,1502,4086,3046,1040
1306,14,000,State - MANIPUR,Urban,65-69,15642,7541,8101,6626,1358,5268,9016,6183,2833,593,306,287,1138,657,481,2148,1497,651,2616,1895,721,1888,1535,353
1307,14,000,State - MANIPUR,Urban,70-74,11665,5475,6190,6113,1456,4657,5552,4019,1533,540,305,235,821,516,305,1199,891,308,1434,1124,310,1070,933,137
1308,14,000,State - MANIPUR,Urban,75-79,7772,3702,4070,4297,1047,3250,3475,2655,820,391,286,105,618,439,179,753,590,163,827,685,142,528,464,64
1309,14,000,State - MANIPUR,Urban,80+,9652,4363,5289,5923,1612,4311,3729,2751,978,481,364,117,675,516,159,774,610,164,823,620,203,513,407,106
1310,14,000,State - MANIPUR,Urban,Age not stated,2125,1089,1036,476,196,280,1649,893,756,143,77,66,123,50,73,242,111,131,476,249,227,279,167,112
1311,15,000,State - MIZORAM,Total,All ages,1097206,555339,541867,249031,116810,132221,848175,438529,409646,215865,105262,110603,207450,108434,99016,201482,104978,96504,159276,83510,75766,49621,29527,20094
1312,15,000,State - MIZORAM,Total,0-6,168531,85561,82970,168531,85561,82970,0,0,0,0,0,0,0,0,0,0,0,0,0,0,0,0,0,0
1313,15,000,State - MIZORAM,Total,7,24090,12123,11967,5045,2469,2576,19045,9654,9391,18783,9510,9273,0,0,0,0,0,0,0,0,0,0,0,0
1314,15,000,State - MIZORAM,Total,8,23435,11951,11484,2622,1244,1378,20813,10707,10106,20668,10626,10042,0,0,0,0,0,0,0,0,0,0,0,0
1315,15,000,State - MIZORAM,Total,9,22965,11794,11171,1810,869,941,21155,10925,10230,18498,9691,8807,2528,1166,1362,0,0,0,0,0,0,0,0,0
1316,15,000,State - MIZORAM,Total,10,25316,12805,12511,2079,970,1109,23237,11835,11402,14849,7901,6948,8216,3857,4359,0,0,0,0,0,0,0,0,0
1317,15,000,State - MIZORAM,Total,11,23390,11958,11432,1392,619,773,21998,11339,10659,7585,4223,3362,14318,7057,7261,0,0,0,0,0,0,0,0,0
1318,15,000,State - MIZORAM,Total,12,22986,11701,11285,1160,480,680,21826,11221,10605,4310,2356,1954,15045,7732,7313,2363,1088,1275,0,0,0,0,0,0
1319,15,000,State - MIZORAM,Total,13,22730,11631,11099,1038,435,603,21692,11196,10496,2739,1523,1216,12161,6523,5638,6689,3104,3585,0,0,0,0,0,0
1320,15,000,State - MIZORAM,Total,14,22559,11431,11128,989,390,599,21570,11041,10529,1803,983,820,7968,4479,3489,11674,5514,6160,0,0,0,0,0,0
1321,15,000,State - MIZORAM,Total,15,22365,11437,10928,1117,447,670,21248,10990,10258,1476,783,693,5074,2922,2152,11911,6031,5880,2644,1190,1454,0,0,0
1322,15,000,State - MIZORAM,Total,16,22353,11424,10929,1052,439,613,21301,10985,10316,1349,706,643,4028,2270,1758,10480,5454,5026,5297,2487,2810,0,0,0
1323,15,000,State - MIZORAM,Total,17,21574,10973,10601,1077,433,644,20497,10540,9957,1398,701,697,3643,2065,1578,7215,3912,3303,8052,3765,4287,0,0,0
1324,15,000,State - MIZORAM,Total,18,22772,11468,11304,1443,549,894,21329,10919,10410,1657,863,794,3778,2030,1748,5987,3225,2762,9684,4684,5000,0,0,0
1325,15,000,State - MIZORAM,Total,19,21279,10605,10674,1506,527,979,19773,10078,9695,1501,772,729,3635,1960,1675,5123,2694,2429,9246,4516,4730,0,0,0
1326,15,000,State - MIZORAM,Total,20-24,111708,55512,56196,8465,3040,5425,103243,52472,50771,9309,4723,4586,20862,11057,9805,28672,14613,14059,36209,18124,18085,6670,3226,3444
1327,15,000,State - MIZORAM,Total,25-29,102346,51390,50956,7690,2856,4834,94656,48534,46122,10264,5282,4982,21075,11121,9954,26199,13317,12882,24634,12468,12166,10667,5455,5212
1328,15,000,State - MIZORAM,Total,30-34,88374,44341,44033,6233,2402,3831,82141,41939,40202,9812,4807,5005,19100,9654,9446,23695,11649,12046,17867,9523,8344,10121,5574,4547
1329,15,000,State - MIZORAM,Total,35-39,72384,36817,35567,5738,2230,3508,66646,34587,32059,9589,4636,4953,15888,7889,7999,18473,9587,8886,13656,7189,6467,7737,4655,3082
1330,15,000,State - MIZORAM,Total,40-44,58180,29970,28210,5469,2081,3388,52711,27889,24822,9850,4491,5359,12089,5874,6215,13898,7480,6418,10829,6199,4630,4991,3341,1650
1331,15,000,State - MIZORAM,Total,45-49,53175,27028,26147,5030,1936,3094,48145,25092,23053,12022,5175,6847,11264,5451,5813,11704,6437,5267,8472,4948,3524,3690,2626,1064
1332,15,000,State - MIZORAM,Total,50-54,44256,22556,21700,4962,1965,2997,39294,20591,18703,13910,5915,7995,8756,4513,4243,7736,4464,3272,5639,3532,2107,2316,1742,574
1333,15,000,State - MIZORAM,Total,55-59,31177,16139,15038,3549,1399,2150,27628,14740,12888,12206,5192,7014,6332,3497,2835,4051,2615,1436,3001,2009,992,1336,1090,246
1334,15,000,State - MIZORAM,Total,60-64,24480,12357,12123,3161,1196,1965,21319,11161,10158,9965,4099,5866,5244,3015,2229,2878,1855,1023,1755,1193,562,860,734,126
1335,15,000,State - MIZORAM,Total,65-69,16170,8114,8056,2322,793,1529,13848,7321,6527,7805,3346,4459,2596,1614,982,1348,908,440,1075,780,295,545,471,74
1336,15,000,State - MIZORAM,Total,70-74,12020,6108,5912,2000,599,1401,10020,5509,4511,6164,2812,3352,1824,1248,576,648,488,160,607,457,150,379,346,33
1337,15,000,State - MIZORAM,Total,75-79,7784,3884,3900,1479,370,1109,6305,3514,2791,4139,1988,2151,1046,753,293,360,280,80,260,204,56,169,154,15
1338,15,000,State - MIZORAM,Total,80+,8174,3882,4292,1978,465,1513,6196,3417,2779,4146,2121,2025,886,628,258,310,218,92,278,195,83,110,92,18
1339,15,000,State - MIZORAM,Total,Age not stated,633,379,254,94,46,48,539,333,206,68,37,31,94,59,35,68,45,23,71,47,24,30,21,9
1340,15,000,State - MIZORAM,Rural,All ages,525435,269135,256300,162101,73735,88366,363334,195400,167934,124917,63665,61252,107206,58312,48894,75244,40653,34591,39259,22761,16498,8889,6149,2740
1341,15,000,State - MIZORAM,Rural,0-6,93384,47489,45895,93384,47489,45895,0,0,0,0,0,0,0,0,0,0,0,0,0,0,0,0,0,0
1342,15,000,State - MIZORAM,Rural,7,13359,6725,6634,3793,1833,1960,9566,4892,4674,9422,4807,4615,0,0,0,0,0,0,0,0,0,0,0,0
1343,15,000,State - MIZORAM,Rural,8,12933,6635,6298,2237,1040,1197,10696,5595,5101,10603,5538,5065,0,0,0,0,0,0,0,0,0,0,0,0
1344,15,000,State - MIZORAM,Rural,9,12192,6301,5891,1596,755,841,10596,5546,5050,9289,4945,4344,1228,560,668,0,0,0,0,0,0,0,0,0
1345,15,000,State - MIZORAM,Rural,10,13489,6855,6634,1746,797,949,11743,6058,5685,8094,4316,3778,3529,1690,1839,0,0,0,0,0,0,0,0,0
1346,15,000,State - MIZORAM,Rural,11,12093,6280,5813,1245,536,709,10848,5744,5104,5031,2813,2218,5757,2896,2861,0,0,0,0,0,0,0,0,0
1347,15,000,State - MIZORAM,Rural,12,11887,6023,5864,1074,429,645,10813,5594,5219,3350,1819,1531,6462,3337,3125,933,410,523,0,0,0,0,0,0
1348,15,000,State - MIZORAM,Rural,13,11569,5971,5598,956,392,564,10613,5579,5034,2247,1250,997,5937,3195,2742,2368,1105,1263,0,0,0,0,0,0
1349,15,000,State - MIZORAM,Rural,14,11050,5707,5343,902,346,556,10148,5361,4787,1497,826,671,4570,2570,2000,3997,1920,2077,0,0,0,0,0,0
1350,15,000,State - MIZORAM,Rural,15,10614,5543,5071,1008,390,618,9606,5153,4453,1159,612,547,3196,1865,1331,4416,2312,2104,744,324,420,0,0,0
1351,15,000,State - MIZORAM,Rural,16,10330,5410,4920,949,390,559,9381,5020,4361,1001,525,476,2574,1478,1096,4222,2223,1999,1480,746,734,0,0,0
1352,15,000,State - MIZORAM,Rural,17,9710,5128,4582,969,387,582,8741,4741,4000,1005,514,491,2303,1335,968,3255,1816,1439,2074,1024,1050,0,0,0
1353,15,000,State - MIZORAM,Rural,18,10128,5223,4905,1316,481,835,8812,4742,4070,1160,610,550,2262,1232,1030,2846,1583,1263,2417,1240,1177,0,0,0
1354,15,000,State - MIZORAM,Rural,19,9475,4696,4779,1399,467,932,8076,4229,3847,1056,546,510,2213,1183,1030,2343,1218,1125,2312,1201,1111,0,0,0
1355,15,000,State - MIZORAM,Rural,20-24,50969,25314,25655,7727,2646,5081,43242,22668,20574,6635,3376,3259,12669,6730,5939,12494,6455,6039,9290,4967,4323,1273,710,563
1356,15,000,State - MIZORAM,Rural,25-29,46384,23442,22942,6929,2464,4465,39455,20978,18477,7125,3685,3440,12416,6665,5751,10377,5304,5073,6506,3611,2895,2070,1224,846
1357,15,000,State - MIZORAM,Rural,30-34,38740,19801,18939,5481,2001,3480,33259,17800,15459,6493,3298,3195,10962,5765,5197,8672,4399,4273,4361,2651,1710,1927,1290,637
1358,15,000,State - MIZORAM,Rural,35-39,31629,16461,15168,5011,1865,3146,26618,14596,12022,6130,3075,3055,8675,4584,4091,6404,3534,2870,3304,2024,1280,1445,1055,390
1359,15,000,State - MIZORAM,Rural,40-44,24818,12925,11893,4704,1720,2984,20114,11205,8909,5940,2875,3065,5986,3142,2844,4304,2532,1772,2452,1659,793,888,721,167
1360,15,000,State - MIZORAM,Rural,45-49,23045,11983,11062,4265,1624,2641,18780,10359,8421,7144,3307,3837,5343,2876,2467,3448,2165,1283,1753,1270,483,560,487,73
1361,15,000,State - MIZORAM,Rural,50-54,20258,10538,9720,4181,1637,2544,16077,8901,7176,7877,3703,4174,3806,2224,1582,2358,1522,836,1174,906,268,345,306,39
1362,15,000,State - MIZORAM,Rural,55-59,14603,7770,6833,2934,1186,1748,11669,6584,5085,6727,3225,3502,2658,1673,985,1152,849,303,583,473,110,166,152,14
1363,15,000,State - MIZORAM,Rural,60-64,11736,6110,5626,2622,1032,1590,9114,5078,4036,5248,2422,2826,2222,1458,764,826,636,190,379,312,67,99,94,5
1364,15,000,State - MIZORAM,Rural,65-69,7878,4105,3773,1862,678,1184,6016,3427,2589,4020,1964,2056,1058,772,286,413,336,77,223,187,36,54,53,1
1365,15,000,State - MIZORAM,Rural,70-74,5572,2907,2665,1470,488,982,4102,2419,1683,2951,1559,1392,650,508,142,186,156,30,88,75,13,35,34,1
1366,15,000,State - MIZORAM,Rural,75-79,3599,1876,1723,1006,297,709,2593,1579,1014,1910,1056,854,376,301,75,109,97,12,42,37,5,13,11,2
1367,15,000,State - MIZORAM,Rural,80+,3711,1763,1948,1277,339,938,2434,1424,1010,1762,978,784,308,245,63,94,63,31,52,39,13,8,7,1
1368,15,000,State - MIZORAM,Rural,Age not stated,280,154,126,58,26,32,222,128,94,41,21,20,46,28,18,27,18,9,25,15,10,6,5,1
1369,15,000,State - MIZORAM,Urban,All ages,571771,286204,285567,86930,43075,43855,484841,243129,241712,90948,41597,49351,100244,50122,50122,126238,64325,61913,120017,60749,59268,40732,23378,17354
1370,15,000,State - MIZORAM,Urban,0-6,75147,38072,37075,75147,38072,37075,0,0,0,0,0,0,0,0,0,0,0,0,0,0,0,0,0,0
1371,15,000,State - MIZORAM,Urban,7,10731,5398,5333,1252,636,616,9479,4762,4717,9361,4703,4658,0,0,0,0,0,0,0,0,0,0,0,0
1372,15,000,State - MIZORAM,Urban,8,10502,5316,5186,385,204,181,10117,5112,5005,10065,5088,4977,0,0,0,0,0,0,0,0,0,0,0,0
1373,15,000,State - MIZORAM,Urban,9,10773,5493,5280,214,114,100,10559,5379,5180,9209,4746,4463,1300,606,694,0,0,0,0,0,0,0,0,0
1374,15,000,State - MIZORAM,Urban,10,11827,5950,5877,333,173,160,11494,5777,5717,6755,3585,3170,4687,2167,2520,0,0,0,0,0,0,0,0,0
1375,15,000,State - MIZORAM,Urban,11,11297,5678,5619,147,83,64,11150,5595,5555,2554,1410,1144,8561,4161,4400,0,0,0,0,0,0,0,0,0
1376,15,000,State - MIZORAM,Urban,12,11099,5678,5421,86,51,35,11013,5627,5386,960,537,423,8583,4395,4188,1430,678,752,0,0,0,0,0,0
1377,15,000,State - MIZORAM,Urban,13,11161,5660,5501,82,43,39,11079,5617,5462,492,273,219,6224,3328,2896,4321,1999,2322,0,0,0,0,0,0
1378,15,000,State - MIZORAM,Urban,14,11509,5724,5785,87,44,43,11422,5680,5742,306,157,149,3398,1909,1489,7677,3594,4083,0,0,0,0,0,0
1379,15,000,State - MIZORAM,Urban,15,11751,5894,5857,109,57,52,11642,5837,5805,317,171,146,1878,1057,821,7495,3719,3776,1900,866,1034,0,0,0
1380,15,000,State - MIZORAM,Urban,16,12023,6014,6009,103,49,54,11920,5965,5955,348,181,167,1454,792,662,6258,3231,3027,3817,1741,2076,0,0,0
1381,15,000,State - MIZORAM,Urban,17,11864,5845,6019,108,46,62,11756,5799,5957,393,187,206,1340,730,610,3960,2096,1864,5978,2741,3237,0,0,0
1382,15,000,State - MIZORAM,Urban,18,12644,6245,6399,127,68,59,12517,6177,6340,497,253,244,1516,798,718,3141,1642,1499,7267,3444,3823,0,0,0
1383,15,000,State - MIZORAM,Urban,19,11804,5909,5895,107,60,47,11697,5849,5848,445,226,219,1422,777,645,2780,1476,1304,6934,3315,3619,0,0,0
1384,15,000,State - MIZORAM,Urban,20-24,60739,30198,30541,738,394,344,60001,29804,30197,2674,1347,1327,8193,4327,3866,16178,8158,8020,26919,13157,13762,5397,2516,2881
1385,15,000,State - MIZORAM,Urban,25-29,55962,27948,28014,761,392,369,55201,27556,27645,3139,1597,1542,8659,4456,4203,15822,8013,7809,18128,8857,9271,8597,4231,4366
1386,15,000,State - MIZORAM,Urban,30-34,49634,24540,25094,752,401,351,48882,24139,24743,3319,1509,1810,8138,3889,4249,15023,7250,7773,13506,6872,6634,8194,4284,3910
1387,15,000,State - MIZORAM,Urban,35-39,40755,20356,20399,727,365,362,40028,19991,20037,3459,1561,1898,7213,3305,3908,12069,6053,6016,10352,5165,5187,6292,3600,2692
1388,15,000,State - MIZORAM,Urban,40-44,33362,17045,16317,765,361,404,32597,16684,15913,3910,1616,2294,6103,2732,3371,9594,4948,4646,8377,4540,3837,4103,2620,1483
1389,15,000,State - MIZORAM,Urban,45-49,30130,15045,15085,765,312,453,29365,14733,14632,4878,1868,3010,5921,2575,3346,8256,4272,3984,6719,3678,3041,3130,2139,991
1390,15,000,State - MIZORAM,Urban,50-54,23998,12018,11980,781,328,453,23217,11690,11527,6033,2212,3821,4950,2289,2661,5378,2942,2436,4465,2626,1839,1971,1436,535
1391,15,000,State - MIZORAM,Urban,55-59,16574,8369,8205,615,213,402,15959,8156,7803,5479,1967,3512,3674,1824,1850,2899,1766,1133,2418,1536,882,1170,938,232
1392,15,000,State - MIZORAM,Urban,60-64,12744,6247,6497,539,164,375,12205,6083,6122,4717,1677,3040,3022,1557,1465,2052,1219,833,1376,881,495,761,640,121
1393,15,000,State - MIZORAM,Urban,65-69,8292,4009,4283,460,115,345,7832,3894,3938,3785,1382,2403,1538,842,696,935,572,363,852,593,259,491,418,73
1394,15,000,State - MIZORAM,Urban,70-74,6448,3201,3247,530,111,419,5918,3090,2828,3213,1253,1960,1174,740,434,462,332,130,519,382,137,344,312,32
1395,15,000,State - MIZORAM,Urban,75-79,4185,2008,2177,473,73,400,3712,1935,1777,2229,932,1297,670,452,218,251,183,68,218,167,51,156,143,13
1396,15,000,State - MIZORAM,Urban,80+,4463,2119,2344,701,126,575,3762,1993,1769,2384,1143,1241,578,383,195,216,155,61,226,156,70,102,85,17
1397,15,000,State - MIZORAM,Urban,Age not stated,353,225,128,36,20,16,317,205,112,27,16,11,48,31,17,41,27,14,46,32,14,24,16,8
1398,16,000,State - TRIPURA,Total,All ages,3673917,1874376,1799541,869134,373007,496127,2804783,1501369,1303414,725461,363853,361608,698656,363404,335252,592396,320040,272356,480515,285987,194528,137812,88621,49191
1399,16,000,State - TRIPURA,Total,0-6,458014,234008,224006,458014,234008,224006,0,0,0,0,0,0,0,0,0,0,0,0,0,0,0,0,0,0
1400,16,000,State - TRIPURA,Total,7,66430,33918,32512,11954,6029,5925,54476,27889,26587,53405,27314,26091,0,0,0,0,0,0,0,0,0,0,0,0
1401,16,000,State - TRIPURA,Total,8,68449,34968,33481,4807,2382,2425,63642,32586,31056,62954,32206,30748,0,0,0,0,0,0,0,0,0,0,0,0
1402,16,000,State - TRIPURA,Total,9,67408,34152,33256,3229,1549,1680,64179,32603,31576,60165,30599,29566,3440,1697,1743,0,0,0,0,0,0,0,0,0
1403,16,000,State - TRIPURA,Total,10,74446,38244,36202,3915,1880,2035,70531,36364,34167,54153,28055,26098,15688,7917,7771,0,0,0,0,0,0,0,0,0
1404,16,000,State - TRIPURA,Total,11,70154,35830,34324,2387,1093,1294,67767,34737,33030,25794,13426,12368,41316,20952,20364,0,0,0,0,0,0,0,0,0
1405,16,000,State - TRIPURA,Total,12,74234,38045,36189,2494,1079,1415,71740,36966,34774,12365,6526,5839,55463,28463,27000,3222,1641,1581,0,0,0,0,0,0
1406,16,000,State - TRIPURA,Total,13,69374,35375,33999,2005,868,1137,67369,34507,32862,6412,3340,3072,49000,25188,23812,11238,5605,5633,0,0,0,0,0,0
1407,16,000,State - TRIPURA,Total,14,69482,35507,33975,2270,968,1302,67212,34539,32673,5018,2632,2386,31291,16363,14928,30023,15106,14917,0,0,0,0,0,0
1408,16,000,State - TRIPURA,Total,15,71020,36298,34722,2931,1136,1795,68089,35162,32927,5215,2761,2454,19548,10594,8954,36747,18554,18193,5462,2718,2744,0,0,0
1409,16,000,State - TRIPURA,Total,16,71534,36901,34633,2944,1129,1815,68590,35772,32818,5355,2878,2477,14782,8073,6709,33487,17204,16283,13541,6936,6605,0,0,0
1410,16,000,State - TRIPURA,Total,17,67462,35616,31846,2923,1122,1801,64539,34494,30045,5658,3086,2572,12700,7061,5639,24269,12622,11647,20340,10926,9414,0,0,0
1411,16,000,State - TRIPURA,Total,18,77535,38564,38971,4667,1562,3105,72868,37002,35866,8290,4210,4080,15453,7722,7731,22414,10878,11536,24227,13040,11187,0,0,0
1412,16,000,State - TRIPURA,Total,19,70278,33757,36521,3848,1163,2685,66430,32594,33836,7481,3615,3866,13877,6539,7338,18038,8330,9708,24505,13073,11432,0,0,0
1413,16,000,State - TRIPURA,Total,20-24,373177,183779,189398,24346,7901,16445,348831,175878,172953,47455,22667,24788,78771,38114,40657,83785,40362,43423,104402,57864,46538,17478,9507,7971
1414,16,000,State - TRIPURA,Total,25-29,344149,175059,169090,28297,9625,18672,315852,165434,150418,51102,24348,26754,73743,36333,37410,76883,40599,36284,70327,41083,29244,23444,13555,9889
1415,16,000,State - TRIPURA,Total,30-34,286989,149231,137758,26516,9029,17487,260473,140202,120271,45841,22174,23667,57449,28944,28505,63690,34768,28922,56484,34350,22134,19236,11744,7492
1416,16,000,State - TRIPURA,Total,35-39,279342,143051,136291,33427,10740,22687,245915,132311,113604,50187,23520,26667,53551,26997,26554,57188,31618,25570,46942,29410,17532,19139,12310,6829
1417,16,000,State - TRIPURA,Total,40-44,238751,124093,114658,37123,12280,24843,201628,111813,89815,47843,22624,25219,41330,21532,19798,42317,25219,17098,35207,23065,12142,17154,11494,5660
1418,16,000,State - TRIPURA,Total,45-49,205469,106717,98752,38695,13302,25393,166774,93415,73359,44973,22203,22770,34531,18750,15781,30955,18726,12229,25206,16057,9149,14542,10118,4424
1419,16,000,State - TRIPURA,Total,50-54,162186,86627,75559,34843,12523,22320,127343,74104,53239,35343,18355,16988,26977,15575,11402,22447,14371,8076,19563,12510,7053,9924,6921,3003
1420,16,000,State - TRIPURA,Total,55-59,116874,61849,55025,28134,9156,18978,88740,52693,36047,24889,12571,12318,18192,10736,7456,13901,9187,4714,14990,10262,4728,7318,5336,1982
1421,16,000,State - TRIPURA,Total,60-64,97129,49611,47518,30094,9385,20709,67035,40226,26809,21708,10989,10719,14519,8918,5601,8851,6080,2771,8690,6299,2391,5052,3904,1148
1422,16,000,State - TRIPURA,Total,65-69,70480,35044,35436,24978,7418,17560,45502,27626,17876,16473,8675,7798,10627,6653,3974,5461,3844,1617,4718,3613,1105,2309,1850,459
1423,16,000,State - TRIPURA,Total,70-74,52324,25535,26789,21419,6400,15019,30905,19135,11770,12216,6726,5490,7292,4648,2644,3264,2359,905,2598,2123,475,1194,1022,172
1424,16,000,State - TRIPURA,Total,75-79,30086,14259,15827,12945,3654,9291,17141,10605,6536,6917,3852,3065,4153,2582,1571,1787,1296,491,1432,1217,215,558,493,65
1425,16,000,State - TRIPURA,Total,80+,39525,17471,22054,19546,5456,14090,19979,12015,7964,8096,4440,3656,4764,2949,1815,2231,1565,666,1687,1327,360,407,327,80
1426,16,000,State - TRIPURA,Total,Age not stated,1616,867,749,383,170,213,1233,697,536,153,61,92,199,104,95,198,106,92,194,114,80,57,40,17
1427,16,000,State - TRIPURA,Rural,All ages,2712464,1387173,1325291,719691,305670,414021,1992773,1081503,911270,579471,294874,284597,534359,283731,250628,413619,228022,185597,289197,180152,109045,48053,34869,13184
1428,16,000,State - TRIPURA,Rural,0-6,365309,186400,178909,365309,186400,178909,0,0,0,0,0,0,0,0,0,0,0,0,0,0,0,0,0,0
1429,16,000,State - TRIPURA,Rural,7,52331,26766,25565,10234,5156,5078,42097,21610,20487,41280,21163,20117,0,0,0,0,0,0,0,0,0,0,0,0
1430,16,000,State - TRIPURA,Rural,8,53871,27492,26379,4355,2144,2211,49516,25348,24168,48968,25043,23925,0,0,0,0,0,0,0,0,0,0,0,0
1431,16,000,State - TRIPURA,Rural,9,52939,26775,26164,2904,1372,1532,50035,25403,24632,46746,23749,22997,2850,1421,1429,0,0,0,0,0,0,0,0,0
1432,16,000,State - TRIPURA,Rural,10,59237,30415,28822,3473,1645,1828,55764,28770,26994,43115,22301,20814,12101,6164,5937,0,0,0,0,0,0,0,0,0
1433,16,000,State - TRIPURA,Rural,11,55018,28076,26942,2126,960,1166,52892,27116,25776,21707,11222,10485,30675,15616,15059,0,0,0,0,0,0,0,0,0
1434,16,000,State - TRIPURA,Rural,12,59293,30412,28881,2245,940,1305,57048,29472,27576,10935,5754,5181,42958,22113,20845,2599,1340,1259,0,0,0,0,0,0
1435,16,000,State - TRIPURA,Rural,13,54998,28164,26834,1813,760,1053,53185,27404,25781,5665,2933,2732,38564,19978,18586,8366,4195,4171,0,0,0,0,0,0
1436,16,000,State - TRIPURA,Rural,14,54448,27837,26611,2019,834,1185,52429,27003,25426,4344,2261,2083,25724,13429,12295,21658,10978,10680,0,0,0,0,0,0
1437,16,000,State - TRIPURA,Rural,15,55643,28476,27167,2636,993,1643,53007,27483,25524,4525,2366,2159,16365,8855,7510,27336,13890,13446,3873,1936,1937,0,0,0
1438,16,000,State - TRIPURA,Rural,16,55345,28666,26679,2648,998,1650,52697,27668,25029,4592,2437,2155,12226,6686,5540,25594,13295,12299,9107,4691,4416,0,0,0
1439,16,000,State - TRIPURA,Rural,17,51403,27424,23979,2587,959,1628,48816,26465,22351,4744,2571,2173,10351,5798,4553,19167,10108,9059,13283,7344,5939,0,0,0
1440,16,000,State - TRIPURA,Rural,18,59769,29626,30143,4161,1328,2833,55608,28298,27310,7032,3531,3501,12601,6253,6348,17951,8797,9154,16024,8804,7220,0,0,0
1441,16,000,State - TRIPURA,Rural,19,52728,25185,27543,3439,986,2453,49289,24199,25090,6146,2936,3210,11108,5185,5923,14174,6620,7554,15864,8661,7203,0,0,0
1442,16,000,State - TRIPURA,Rural,20-24,280876,138466,142410,21800,6834,14966,259076,131632,127444,39218,18573,20645,62992,30377,32615,64803,31601,33202,71006,40690,30316,7955,4809,3146
1443,16,000,State - TRIPURA,Rural,25-29,252860,129389,123471,25251,8370,16881,227609,121019,106590,41756,19914,21842,57915,28957,28958,56081,30215,25866,46363,28192,18171,10127,6619,3508
1444,16,000,State - TRIPURA,Rural,30-34,204868,107731,97137,23453,7823,15630,181415,99908,81507,37138,18134,19004,43971,22630,21341,44273,24930,19343,34969,22566,12403,7825,5566,2259
1445,16,000,State - TRIPURA,Rural,35-39,196129,101658,94471,29082,9184,19898,167047,92474,74573,40191,19121,21070,39907,20710,19197,37440,21766,15674,28186,19121,9065,7270,5483,1787
1446,16,000,State - TRIPURA,Rural,40-44,164055,85593,78462,31871,10363,21508,132184,75230,56954,38166,18439,19727,30076,16291,13785,25692,16129,9563,19163,13950,5213,5830,4638,1192
1447,16,000,State - TRIPURA,Rural,45-49,139297,72663,66634,33107,11227,21880,106190,61436,44754,35830,18218,17612,24763,14178,10585,17335,11283,6052,11746,8559,3187,4203,3541,662
1448,16,000,State - TRIPURA,Rural,50-54,108302,57982,50320,29664,10628,19036,78638,47354,31284,28028,15070,12958,19049,11719,7330,12288,8513,3775,7425,5491,1934,2174,1850,324
1449,16,000,State - TRIPURA,Rural,55-59,76947,40066,36881,24007,7769,16238,52940,32297,20643,19591,10379,9212,12554,7977,4577,7311,5248,2063,5345,4245,1100,1248,1078,170
1450,16,000,State - TRIPURA,Rural,60-64,67295,33940,33355,25568,8054,17514,41727,25886,15841,17028,9180,7848,10012,6760,3252,4674,3569,1105,2990,2567,423,766,691,75
1451,16,000,State - TRIPURA,Rural,65-69,50426,25067,25359,21187,6419,14768,29239,18648,10591,12699,7215,5484,7193,5057,2136,2905,2337,568,1638,1441,197,317,294,23
1452,16,000,State - TRIPURA,Rural,70-74,37764,18698,19066,17856,5531,12325,19908,13167,6741,9149,5530,3619,4752,3488,1264,1685,1402,283,859,791,68,148,136,12
1453,16,000,State - TRIPURA,Rural,75-79,21165,10258,10907,10564,3115,7449,10601,7143,3458,4981,3156,1825,2517,1853,664,885,747,138,457,413,44,63,58,5
1454,16,000,State - TRIPURA,Rural,80+,29113,13380,15733,16042,4746,11296,13071,8634,4437,5804,3641,2163,3023,2178,845,1293,995,298,786,619,167,103,90,13
1455,16,000,State - TRIPURA,Rural,Age not stated,1035,568,467,290,132,158,745,436,309,93,37,56,112,58,54,109,64,45,113,71,42,24,16,8
1456,16,000,State - TRIPURA,Urban,All ages,961453,487203,474250,149443,67337,82106,812010,419866,392144,145990,68979,77011,164297,79673,84624,178777,92018,86759,191318,105835,85483,89759,53752,36007
1457,16,000,State - TRIPURA,Urban,0-6,92705,47608,45097,92705,47608,45097,0,0,0,0,0,0,0,0,0,0,0,0,0,0,0,0,0,0
1458,16,000,State - TRIPURA,Urban,7,14099,7152,6947,1720,873,847,12379,6279,6100,12125,6151,5974,0,0,0,0,0,0,0,0,0,0,0,0
1459,16,000,State - TRIPURA,Urban,8,14578,7476,7102,452,238,214,14126,7238,6888,13986,7163,6823,0,0,0,0,0,0,0,0,0,0,0,0
1460,16,000,State - TRIPURA,Urban,9,14469,7377,7092,325,177,148,14144,7200,6944,13419,6850,6569,590,276,314,0,0,0,0,0,0,0,0,0
1461,16,000,State - TRIPURA,Urban,10,15209,7829,7380,442,235,207,14767,7594,7173,11038,5754,5284,3587,1753,1834,0,0,0,0,0,0,0,0,0
1462,16,000,State - TRIPURA,Urban,11,15136,7754,7382,261,133,128,14875,7621,7254,4087,2204,1883,10641,5336,5305,0,0,0,0,0,0,0,0,0
1463,16,000,State - TRIPURA,Urban,12,14941,7633,7308,249,139,110,14692,7494,7198,1430,772,658,12505,6350,6155,623,301,322,0,0,0,0,0,0
1464,16,000,State - TRIPURA,Urban,13,14376,7211,7165,192,108,84,14184,7103,7081,747,407,340,10436,5210,5226,2872,1410,1462,0,0,0,0,0,0
1465,16,000,State - TRIPURA,Urban,14,15034,7670,7364,251,134,117,14783,7536,7247,674,371,303,5567,2934,2633,8365,4128,4237,0,0,0,0,0,0
1466,16,000,State - TRIPURA,Urban,15,15377,7822,7555,295,143,152,15082,7679,7403,690,395,295,3183,1739,1444,9411,4664,4747,1589,782,807,0,0,0
1467,16,000,State - TRIPURA,Urban,16,16189,8235,7954,296,131,165,15893,8104,7789,763,441,322,2556,1387,1169,7893,3909,3984,4434,2245,2189,0,0,0
1468,16,000,State - TRIPURA,Urban,17,16059,8192,7867,336,163,173,15723,8029,7694,914,515,399,2349,1263,1086,5102,2514,2588,7057,3582,3475,0,0,0
1469,16,000,State - TRIPURA,Urban,18,17766,8938,8828,506,234,272,17260,8704,8556,1258,679,579,2852,1469,1383,4463,2081,2382,8203,4236,3967,0,0,0
1470,16,000,State - TRIPURA,Urban,19,17550,8572,8978,409,177,232,17141,8395,8746,1335,679,656,2769,1354,1415,3864,1710,2154,8641,4412,4229,0,0,0
1471,16,000,State - TRIPURA,Urban,20-24,92301,45313,46988,2546,1067,1479,89755,44246,45509,8237,4094,4143,15779,7737,8042,18982,8761,10221,33396,17174,16222,9523,4698,4825
1472,16,000,State - TRIPURA,Urban,25-29,91289,45670,45619,3046,1255,1791,88243,44415,43828,9346,4434,4912,15828,7376,8452,20802,10384,10418,23964,12891,11073,13317,6936,6381
1473,16,000,State - TRIPURA,Urban,30-34,82121,41500,40621,3063,1206,1857,79058,40294,38764,8703,4040,4663,13478,6314,7164,19417,9838,9579,21515,11784,9731,11411,6178,5233
1474,16,000,State - TRIPURA,Urban,35-39,83213,41393,41820,4345,1556,2789,78868,39837,39031,9996,4399,5597,13644,6287,7357,19748,9852,9896,18756,10289,8467,11869,6827,5042
1475,16,000,State - TRIPURA,Urban,40-44,74696,38500,36196,5252,1917,3335,69444,36583,32861,9677,4185,5492,11254,5241,6013,16625,9090,7535,16044,9115,6929,11324,6856,4468
1476,16,000,State - TRIPURA,Urban,45-49,66172,34054,32118,5588,2075,3513,60584,31979,28605,9143,3985,5158,9768,4572,5196,13620,7443,6177,13460,7498,5962,10339,6577,3762
1477,16,000,State - TRIPURA,Urban,50-54,53884,28645,25239,5179,1895,3284,48705,26750,21955,7315,3285,4030,7928,3856,4072,10159,5858,4301,12138,7019,5119,7750,5071,2679
1478,16,000,State - TRIPURA,Urban,55-59,39927,21783,18144,4127,1387,2740,35800,20396,15404,5298,2192,3106,5638,2759,2879,6590,3939,2651,9645,6017,3628,6070,4258,1812
1479,16,000,State - TRIPURA,Urban,60-64,29834,15671,14163,4526,1331,3195,25308,14340,10968,4680,1809,2871,4507,2158,2349,4177,2511,1666,5700,3732,1968,4286,3213,1073
1480,16,000,State - TRIPURA,Urban,65-69,20054,9977,10077,3791,999,2792,16263,8978,7285,3774,1460,2314,3434,1596,1838,2556,1507,1049,3080,2172,908,1992,1556,436
1481,16,000,State - TRIPURA,Urban,70-74,14560,6837,7723,3563,869,2694,10997,5968,5029,3067,1196,1871,2540,1160,1380,1579,957,622,1739,1332,407,1046,886,160
1482,16,000,State - TRIPURA,Urban,75-79,8921,4001,4920,2381,539,1842,6540,3462,3078,1936,696,1240,1636,729,907,902,549,353,975,804,171,495,435,60
1483,16,000,State - TRIPURA,Urban,80+,10412,4091,6321,3504,710,2794,6908,3381,3527,2292,799,1493,1741,771,970,938,570,368,901,708,193,304,237,67
1484,16,000,State - TRIPURA,Urban,Age not stated,581,299,282,93,38,55,488,261,227,60,24,36,87,46,41,89,42,47,81,43,38,33,24,9
1485,17,000,State - MEGHALAYA,Total,All ages,2966889,1491832,1475057,1181884,577953,603931,1785005,913879,871126,609064,311818,297246,412929,203761,209168,297897,151272,146625,290310,156544,133766,90519,46311,44208
1486,17,000,State - MEGHALAYA,Total,0-6,568536,288646,279890,568536,288646,279890,0,0,0,0,0,0,0,0,0,0,0,0,0,0,0,0,0,0
1487,17,000,State - MEGHALAYA,Total,7,77705,39338,38367,35050,18177,16873,42655,21161,21494,40802,20176,20626,0,0,0,0,0,0,0,0,0,0,0,0
1488,17,000,State - MEGHALAYA,Total,8,76293,38410,37883,22471,11781,10690,53822,26629,27193,52375,25816,26559,0,0,0,0,0,0,0,0,0,0,0,0
1489,17,000,State - MEGHALAYA,Total,9,72802,37037,35765,16808,9037,7771,55994,28000,27994,48723,24468,24255,6008,2861,3147,0,0,0,0,0,0,0,0,0
1490,17,000,State - MEGHALAYA,Total,10,84369,42976,41393,16899,9245,7654,67470,33731,33739,51601,26112,25489,14504,6923,7581,0,0,0,0,0,0,0,0,0
1491,17,000,State - MEGHALAYA,Total,11,76711,39148,37563,11281,6285,4996,65430,32863,32567,38909,20272,18637,25312,11947,13365,0,0,0,0,0,0,0,0,0
1492,17,000,State - MEGHALAYA,Total,12,77594,39303,38291,9448,5397,4051,68146,33906,34240,31554,16657,14897,30734,14473,16261,4655,2134,2521,0,0,0,0,0,0
1493,17,000,State - MEGHALAYA,Total,13,72085,36051,36034,7808,4482,3326,64277,31569,32708,22653,12122,10531,30501,14352,16149,10100,4541,5559,0,0,0,0,0,0
1494,17,000,State - MEGHALAYA,Total,14,71847,35995,35852,7540,4367,3173,64307,31628,32679,16680,9220,7460,27457,13173,14284,18978,8564,10414,0,0,0,0,0,0
1495,17,000,State - MEGHALAYA,Total,15,70691,35883,34808,8130,4802,3328,62561,31081,31480,13110,7530,5580,22523,11063,11460,20269,9389,10880,5385,2414,2971,0,0,0
1496,17,000,State - MEGHALAYA,Total,16,69215,35098,34117,7937,4649,3288,61278,30449,30829,10890,6376,4514,18242,9190,9052,20773,9562,11211,10000,4544,5456,0,0,0
1497,17,000,State - MEGHALAYA,Total,17,62310,31749,30561,7703,4432,3271,54607,27317,27290,9230,5386,3844,13665,7076,6589,16356,7590,8766,13964,6563,7401,0,0,0
1498,17,000,State - MEGHALAYA,Total,18,67173,33933,33240,9478,5157,4321,57695,28776,28919,10112,5593,4519,12828,6419,6409,15460,7528,7932,17575,8332,9243,0,0,0
1499,17,000,State - MEGHALAYA,Total,19,56799,28053,28746,8552,4287,4265,48247,23766,24481,8698,4527,4171,9922,4863,5059,11240,5547,5693,16797,8033,8764,0,0,0
1500,17,000,State - MEGHALAYA,Total,20-24,285012,139140,145872,51340,25200,26140,233672,113940,119732,45819,22644,23175,44561,20947,23614,45936,22781,23155,72005,36031,35974,15305,6658,8647
1501,17,000,State - MEGHALAYA,Total,25-29,251281,124676,126605,56427,26793,29634,194854,97883,96971,42656,20730,21926,37931,18068,19863,35881,18096,17785,44327,24715,19612,21390,9966,11424
1502,17,000,State - MEGHALAYA,Total,30-34,189657,95786,93871,48417,22911,25506,141240,72875,68365,33252,16468,16784,27696,13413,14283,26102,13467,12635,29034,16764,12270,15978,8068,7910
1503,17,000,State - MEGHALAYA,Total,35-39,174706,87320,87386,53356,23914,29442,121350,63406,57944,30904,15258,15646,24155,11886,12269,21376,11389,9987,25032,14595,10437,11637,6089,5548
1504,17,000,State - MEGHALAYA,Total,40-44,145450,73377,72073,49989,21756,28233,95461,51621,43840,26080,12914,13166,18729,9656,9073,16078,9094,6984,19814,11900,7914,8013,4504,3509
1505,17,000,State - MEGHALAYA,Total,45-49,123115,63043,60072,47159,20125,27034,75956,42918,33038,22774,11643,11131,15300,8492,6808,12309,7523,4786,14031,8711,5320,5734,3331,2403
1506,17,000,State - MEGHALAYA,Total,50-54,88743,45910,42833,36613,16095,20518,52130,29815,22315,16436,8526,7910,10840,6133,4707,7946,4967,2979,8636,5322,3314,4290,2597,1693
1507,17,000,State - MEGHALAYA,Total,55-59,60109,30692,29417,26080,10785,15295,34029,19907,14122,10950,5796,5154,7142,4153,2989,5084,3304,1780,5061,3245,1816,3123,1851,1272
1508,17,000,State - MEGHALAYA,Total,60-64,50708,25421,25287,24491,10103,14388,26217,15318,10899,9173,5075,4098,5712,3339,2373,3646,2262,1384,3258,2025,1233,2182,1356,826
1509,17,000,State - MEGHALAYA,Total,65-69,35774,17482,18292,18406,7297,11109,17368,10185,7183,6421,3502,2919,3785,2255,1530,2390,1535,855,1988,1232,756,1159,737,422
1510,17,000,State - MEGHALAYA,Total,70-74,23698,11161,12537,13556,5277,8279,10142,5884,4258,3890,2124,1766,2180,1294,886,1217,754,463,1196,702,494,739,499,240
1511,17,000,State - MEGHALAYA,Total,75-79,12845,5848,6997,7371,2686,4685,5474,3162,2312,2062,1133,929,1180,676,504,646,385,261,628,390,238,405,288,117
1512,17,000,State - MEGHALAYA,Total,80+,15877,7027,8850,9019,3238,5781,6858,3789,3069,2473,1314,1159,1433,796,637,898,502,396,893,516,377,439,287,152
1513,17,000,State - MEGHALAYA,Total,Age not stated,5784,3329,2455,2019,1029,990,3765,2300,1465,837,436,401,589,313,276,557,358,199,686,510,176,125,80,45
1514,17,000,State - MEGHALAYA,Rural,All ages,2371439,1194260,1177179,1056285,518624,537661,1315154,675636,639518,527346,271443,255903,327955,162619,165336,200963,101714,99249,160821,87548,73273,27487,14884,12603
1515,17,000,State - MEGHALAYA,Rural,0-6,490592,248751,241841,490592,248751,241841,0,0,0,0,0,0,0,0,0,0,0,0,0,0,0,0,0,0
1516,17,000,State - MEGHALAYA,Rural,7,66250,33508,32742,32359,16748,15611,33891,16760,17131,32214,15852,16362,0,0,0,0,0,0,0,0,0,0,0,0
1517,17,000,State - MEGHALAYA,Rural,8,64976,32724,32252,21459,11240,10219,43517,21484,22033,42172,20724,21448,0,0,0,0,0,0,0,0,0,0,0,0
1518,17,000,State - MEGHALAYA,Rural,9,61403,31195,30208,15991,8575,7416,45412,22620,22792,39494,19735,19759,4793,2290,2503,0,0,0,0,0,0,0,0,0
1519,17,000,State - MEGHALAYA,Rural,10,70949,36145,34804,16115,8842,7273,54834,27303,27531,42967,21640,21327,10587,5011,5576,0,0,0,0,0,0,0,0,0
1520,17,000,State - MEGHALAYA,Rural,11,63542,32440,31102,10808,6042,4766,52734,26398,26336,34067,17613,16454,17540,8178,9362,0,0,0,0,0,0,0,0,0
1521,17,000,State - MEGHALAYA,Rural,12,64241,32635,31606,9066,5205,3861,55175,27430,27745,28501,14963,13538,22276,10377,11899,3316,1510,1806,0,0,0,0,0,0
1522,17,000,State - MEGHALAYA,Rural,13,58806,29415,29391,7446,4294,3152,51360,25121,26239,20565,10989,9576,23131,10702,12429,6718,2913,3805,0,0,0,0,0,0
1523,17,000,State - MEGHALAYA,Rural,14,57822,29149,28673,7120,4149,2971,50702,25000,25702,15201,8438,6763,22343,10640,11703,12097,5322,6775,0,0,0,0,0,0
1524,17,000,State - MEGHALAYA,Rural,15,56408,29040,27368,7643,4568,3075,48765,24472,24293,12086,6960,5126,18898,9289,9609,13159,6079,7080,3462,1519,1943,0,0,0
1525,17,000,State - MEGHALAYA,Rural,16,54240,27816,26424,7456,4414,3042,46784,23402,23382,9939,5813,4126,15543,7805,7738,14073,6370,7703,5984,2705,3279,0,0,0
1526,17,000,State - MEGHALAYA,Rural,17,48330,24934,23396,7232,4187,3045,41098,20747,20351,8381,4897,3484,11757,6057,5700,11875,5510,6365,7840,3657,4183,0,0,0
1527,17,000,State - MEGHALAYA,Rural,18,51943,26273,25670,8889,4881,4008,43054,21392,21662,9175,5044,4131,11148,5508,5640,11469,5493,5976,9740,4551,5189,0,0,0
1528,17,000,State - MEGHALAYA,Rural,19,43211,21075,22136,7975,4003,3972,35236,17072,18164,7915,4096,3819,8519,4109,4410,8313,3932,4381,9082,4245,4837,0,0,0
1529,17,000,State - MEGHALAYA,Rural,20-24,217643,105372,112271,47929,23610,24319,169714,81762,87952,41610,20543,21067,37878,17592,20286,33829,16215,17614,42015,20682,21333,5733,2551,3182
1530,17,000,State - MEGHALAYA,Rural,25-29,191850,94964,96886,52394,25005,27389,139456,69959,69497,38422,18749,19673,31401,14932,16469,25009,12467,12542,26806,14975,11831,7424,3646,3778
1531,17,000,State - MEGHALAYA,Rural,30-34,142762,72034,70728,44532,21262,23270,98230,50772,47458,29679,14807,14872,22444,10946,11498,17063,8752,8311,16405,9564,6841,5172,2821,2351
1532,17,000,State - MEGHALAYA,Rural,35-39,133054,66890,66164,48791,22070,26721,84263,44820,39443,27385,13712,13673,19138,9677,9461,13701,7553,6148,13861,8395,5466,3483,1990,1493
1533,17,000,State - MEGHALAYA,Rural,40-44,111054,56095,54959,45759,20102,25657,65295,35993,29302,23079,11572,11507,14547,7786,6761,9864,5815,4049,10169,6472,3697,2191,1420,771
1534,17,000,State - MEGHALAYA,Rural,45-49,94562,48433,46129,43075,18590,24485,51487,29843,21644,19903,10419,9484,11666,6730,4936,7383,4738,2645,6501,4410,2091,1356,914,442
1535,17,000,State - MEGHALAYA,Rural,50-54,67679,35366,32313,33210,14862,18348,34469,20504,13965,14243,7641,6602,8128,4850,3278,4603,3110,1493,3524,2463,1061,804,577,227
1536,17,000,State - MEGHALAYA,Rural,55-59,45821,23513,22308,23650,9992,13658,22171,13521,8650,9424,5188,4236,5253,3211,2042,2969,2123,846,1957,1402,555,486,339,147
1537,17,000,State - MEGHALAYA,Rural,60-64,39902,20229,19673,22138,9298,12840,17764,10931,6833,7881,4520,3361,4264,2659,1605,2145,1497,648,1267,938,329,352,264,88
1538,17,000,State - MEGHALAYA,Rural,65-69,28783,14315,14468,16595,6747,9848,12188,7568,4620,5444,3127,2317,2871,1833,1038,1535,1085,450,813,598,215,164,133,31
1539,17,000,State - MEGHALAYA,Rural,70-74,18799,9081,9718,12032,4836,7196,6767,4245,2522,3209,1868,1341,1554,1024,530,707,497,210,451,339,112,107,85,22
1540,17,000,State - MEGHALAYA,Rural,75-79,9855,4644,5211,6391,2441,3950,3464,2203,1261,1649,982,667,799,538,261,317,244,73,210,163,47,59,44,15
1541,17,000,State - MEGHALAYA,Rural,80+,12181,5623,6558,7742,2933,4809,4439,2690,1749,1965,1139,826,980,617,363,496,334,162,381,248,133,76,51,25
1542,17,000,State - MEGHALAYA,Rural,Age not stated,4781,2601,2180,1896,977,919,2885,1624,1261,776,412,364,497,258,239,322,155,167,353,222,131,80,49,31
1543,17,000,State - MEGHALAYA,Urban,All ages,595450,297572,297878,125599,59329,66270,469851,238243,231608,81718,40375,41343,84974,41142,43832,96934,49558,47376,129489,68996,60493,63032,31427,31605
1544,17,000,State - MEGHALAYA,Urban,0-6,77944,39895,38049,77944,39895,38049,0,0,0,0,0,0,0,0,0,0,0,0,0,0,0,0,0,0
1545,17,000,State - MEGHALAYA,Urban,7,11455,5830,5625,2691,1429,1262,8764,4401,4363,8588,4324,4264,0,0,0,0,0,0,0,0,0,0,0,0
1546,17,000,State - MEGHALAYA,Urban,8,11317,5686,5631,1012,541,471,10305,5145,5160,10203,5092,5111,0,0,0,0,0,0,0,0,0,0,0,0
1547,17,000,State - MEGHALAYA,Urban,9,11399,5842,5557,817,462,355,10582,5380,5202,9229,4733,4496,1215,571,644,0,0,0,0,0,0,0,0,0
1548,17,000,State - MEGHALAYA,Urban,10,13420,6831,6589,784,403,381,12636,6428,6208,8634,4472,4162,3917,1912,2005,0,0,0,0,0,0,0,0,0
1549,17,000,State - MEGHALAYA,Urban,11,13169,6708,6461,473,243,230,12696,6465,6231,4842,2659,2183,7772,3769,4003,0,0,0,0,0,0,0,0,0
1550,17,000,State - MEGHALAYA,Urban,12,13353,6668,6685,382,192,190,12971,6476,6495,3053,1694,1359,8458,4096,4362,1339,624,715,0,0,0,0,0,0
1551,17,000,State - MEGHALAYA,Urban,13,13279,6636,6643,362,188,174,12917,6448,6469,2088,1133,955,7370,3650,3720,3382,1628,1754,0,0,0,0,0,0
1552,17,000,State - MEGHALAYA,Urban,14,14025,6846,7179,420,218,202,13605,6628,6977,1479,782,697,5114,2533,2581,6881,3242,3639,0,0,0,0,0,0
1553,17,000,State - MEGHALAYA,Urban,15,14283,6843,7440,487,234,253,13796,6609,7187,1024,570,454,3625,1774,1851,7110,3310,3800,1923,895,1028,0,0,0
1554,17,000,State - MEGHALAYA,Urban,16,14975,7282,7693,481,235,246,14494,7047,7447,951,563,388,2699,1385,1314,6700,3192,3508,4016,1839,2177,0,0,0
1555,17,000,State - MEGHALAYA,Urban,17,13980,6815,7165,471,245,226,13509,6570,6939,849,489,360,1908,1019,889,4481,2080,2401,6124,2906,3218,0,0,0
1556,17,000,State - MEGHALAYA,Urban,18,15230,7660,7570,589,276,313,14641,7384,7257,937,549,388,1680,911,769,3991,2035,1956,7835,3781,4054,0,0,0
1557,17,000,State - MEGHALAYA,Urban,19,13588,6978,6610,577,284,293,13011,6694,6317,783,431,352,1403,754,649,2927,1615,1312,7715,3788,3927,0,0,0
1558,17,000,State - MEGHALAYA,Urban,20-24,67369,33768,33601,3411,1590,1821,63958,32178,31780,4209,2101,2108,6683,3355,3328,12107,6566,5541,29990,15349,14641,9572,4107,5465
1559,17,000,State - MEGHALAYA,Urban,25-29,59431,29712,29719,4033,1788,2245,55398,27924,27474,4234,1981,2253,6530,3136,3394,10872,5629,5243,17521,9740,7781,13966,6320,7646
1560,17,000,State - MEGHALAYA,Urban,30-34,46895,23752,23143,3885,1649,2236,43010,22103,20907,3573,1661,1912,5252,2467,2785,9039,4715,4324,12629,7200,5429,10806,5247,5559
1561,17,000,State - MEGHALAYA,Urban,35-39,41652,20430,21222,4565,1844,2721,37087,18586,18501,3519,1546,1973,5017,2209,2808,7675,3836,3839,11171,6200,4971,8154,4099,4055
1562,17,000,State - MEGHALAYA,Urban,40-44,34396,17282,17114,4230,1654,2576,30166,15628,14538,3001,1342,1659,4182,1870,2312,6214,3279,2935,9645,5428,4217,5822,3084,2738
1563,17,000,State - MEGHALAYA,Urban,45-49,28553,14610,13943,4084,1535,2549,24469,13075,11394,2871,1224,1647,3634,1762,1872,4926,2785,2141,7530,4301,3229,4378,2417,1961
1564,17,000,State - MEGHALAYA,Urban,50-54,21064,10544,10520,3403,1233,2170,17661,9311,8350,2193,885,1308,2712,1283,1429,3343,1857,1486,5112,2859,2253,3486,2020,1466
1565,17,000,State - MEGHALAYA,Urban,55-59,14288,7179,7109,2430,793,1637,11858,6386,5472,1526,608,918,1889,942,947,2115,1181,934,3104,1843,1261,2637,1512,1125
1566,17,000,State - MEGHALAYA,Urban,60-64,10806,5192,5614,2353,805,1548,8453,4387,4066,1292,555,737,1448,680,768,1501,765,736,1991,1087,904,1830,1092,738
1567,17,000,State - MEGHALAYA,Urban,65-69,6991,3167,3824,1811,550,1261,5180,2617,2563,977,375,602,914,422,492,855,450,405,1175,634,541,995,604,391
1568,17,000,State - MEGHALAYA,Urban,70-74,4899,2080,2819,1524,441,1083,3375,1639,1736,681,256,425,626,270,356,510,257,253,745,363,382,632,414,218
1569,17,000,State - MEGHALAYA,Urban,75-79,2990,1204,1786,980,245,735,2010,959,1051,413,151,262,381,138,243,329,141,188,418,227,191,346,244,102
1570,17,000,State - MEGHALAYA,Urban,80+,3696,1404,2292,1277,305,972,2419,1099,1320,508,175,333,453,179,274,402,168,234,512,268,244,363,236,127
1571,17,000,State - MEGHALAYA,Urban,Age not stated,1003,728,275,123,52,71,880,676,204,61,24,37,92,55,37,235,203,32,333,288,45,45,31,14
1572,18,000,State - ASSAM,Total,All ages,31205576,15939443,15266133,12027599,5370804,6656795,19177977,10568639,8609338,4550439,2469904,2080535,4383390,2378849,2004541,4285011,2248173,2036838,3993107,2304914,1688193,1011345,639241,372104
1573,18,000,State - ASSAM,Total,0-6,4638130,2363485,2274645,4638130,2363485,2274645,0,0,0,0,0,0,0,0,0,0,0,0,0,0,0,0,0,0
1574,18,000,State - ASSAM,Total,7,737356,374789,362567,226142,113382,112760,511214,261407,249807,500085,255196,244889,0,0,0,0,0,0,0,0,0,0,0,0
1575,18,000,State - ASSAM,Total,8,734886,374655,360231,144918,72232,72686,589968,302423,287545,580974,297531,283443,0,0,0,0,0,0,0,0,0,0,0,0
1576,18,000,State - ASSAM,Total,9,646800,328339,318461,96215,47968,48247,550585,280371,270214,463286,237036,226250,79302,38913,40389,0,0,0,0,0,0,0,0,0
1577,18,000,State - ASSAM,Total,10,765960,395123,370837,111552,56599,54953,654408,338524,315884,411230,215648,195582,233429,117363,116066,0,0,0,0,0,0,0,0,0
1578,18,000,State - ASSAM,Total,11,650207,332178,318029,73677,37199,36478,576530,294979,281551,203874,107855,96019,363947,182172,181775,0,0,0,0,0,0,0,0,0
1579,18,000,State - ASSAM,Total,12,744871,383476,361395,86217,44376,41841,658654,339100,319554,127043,69635,57408,444912,226469,218443,75854,36781,39073,0,0,0,0,0,0
1580,18,000,State - ASSAM,Total,13,663109,337035,326074,70290,35318,34972,592819,301717,291102,70063,39163,30900,338401,173424,164977,173817,83165,90652,0,0,0,0,0,0
1581,18,000,State - ASSAM,Total,14,667580,341569,326011,73437,37215,36222,594143,304354,289789,54470,31323,23147,214689,113827,100862,312850,152342,160508,0,0,0,0,0,0
1582,18,000,State - ASSAM,Total,15,673552,352466,321086,86967,45788,41179,586585,306678,279907,53418,32064,21354,137620,77963,59657,310927,153924,157003,69896,34080,35816,0,0,0
1583,18,000,State - ASSAM,Total,16,627495,333980,293515,83652,43951,39701,543843,290029,253814,50125,30598,19527,105537,62298,43239,245322,124443,120879,127041,63440,63601,0,0,0
1584,18,000,State - ASSAM,Total,17,527775,283757,244018,70270,35916,34354,457505,247841,209664,42072,25729,16343,81670,49133,32537,153131,79846,73285,165504,84268,81236,0,0,0
1585,18,000,State - ASSAM,Total,18,690902,358886,332016,117778,53488,64290,573124,305398,267726,61921,36316,25605,114184,64378,49806,159615,81273,78342,214280,110904,103376,0,0,0
1586,18,000,State - ASSAM,Total,19,548857,266400,282457,92269,36343,55926,456588,230057,226531,46931,25370,21561,85862,44106,41756,115328,54960,60368,188491,95750,92741,0,0,0
1587,18,000,State - ASSAM,Total,20-24,2909405,1415580,1493825,600742,229984,370758,2308663,1185596,1123067,263775,141892,121883,439697,228729,210968,564880,272849,292031,782384,414337,368047,134985,66007,68978
1588,18,000,State - ASSAM,Total,25-29,2815147,1393042,1422105,719569,282987,436582,2095578,1110055,985523,255154,137437,117717,383771,204774,178997,544559,272205,272354,583375,321712,261663,189436,101431,88005
1589,18,000,State - ASSAM,Total,30-34,2330060,1174247,1155813,668520,263809,404711,1661540,910438,751102,208505,113009,95496,284595,154043,130552,416663,214155,202508,478133,273817,204316,162775,96274,66501
1590,18,000,State - ASSAM,Total,35-39,2260473,1153679,1106794,746854,294763,452091,1513619,858916,654703,219226,120145,99081,256922,143192,113730,358663,190195,168468,430756,256230,174526,145020,92987,52033
1591,18,000,State - ASSAM,Total,40-44,1831206,965463,865743,688099,278568,409531,1143107,686895,456212,192297,108564,83733,194793,111774,83019,243811,137546,106265,318156,203842,114314,115637,79987,35650
1592,18,000,State - ASSAM,Total,45-49,1595249,846081,749168,644455,260651,383804,950794,585430,365364,187542,108169,79373,175638,103322,72316,203038,119731,83307,230381,151768,78613,87920,63719,24201
1593,18,000,State - ASSAM,Total,50-54,1192363,642260,550103,512902,206044,306858,679461,436216,243245,147622,87447,60175,130285,79107,51178,138750,87176,51574,149982,104605,45377,65232,49470,15762
1594,18,000,State - ASSAM,Total,55-59,856825,458242,398583,371384,139404,231980,485441,318838,166603,112863,66763,46100,97874,60516,37358,96935,64035,32900,99500,72162,27338,43755,34325,9430
1595,18,000,State - ASSAM,Total,60-64,775698,394563,381135,385873,137555,248318,389825,257008,132817,105768,61955,43813,84868,53053,31815,72739,50745,21994,66286,48977,17309,30608,24573,6035
1596,18,000,State - ASSAM,Total,65-69,503642,253973,249669,252306,84658,167648,251336,169315,82021,75002,44763,30239,55558,35567,19991,45007,32811,12196,39929,30614,9315,16415,13842,2573
1597,18,000,State - ASSAM,Total,70-74,385277,196445,188832,219455,79062,140393,165822,117383,48439,55696,35677,20019,37801,25965,11836,25487,19887,5600,22606,18312,4294,9970,8695,1275
1598,18,000,State - ASSAM,Total,75-79,184352,96599,87753,100829,36683,64146,83523,59916,23607,28502,18877,9625,19312,13464,5848,12376,9635,2741,11393,9254,2139,4677,4097,580
1599,18,000,State - ASSAM,Total,80+,229575,113237,116338,137926,50233,87693,91649,63004,28645,31377,20884,10493,20994,14378,6616,13555,9520,4035,12841,9548,3293,4072,3279,793
1600,18,000,State - ASSAM,Total,Age not stated,18824,9894,8930,7171,3143,4028,11653,6751,4902,1618,858,760,1729,919,810,1704,949,755,2173,1294,879,843,555,288
1601,18,000,State - ASSAM,Rural,All ages,26807034,13678989,13128045,11121598,4972796,6148802,15685436,8706193,6979243,4059010,2219933,1839077,3787871,2066648,1721223,3572051,1885166,1686885,2941276,1736400,1204876,507240,340774,166466
1602,18,000,State - ASSAM,Rural,0-6,4187323,2131586,2055737,4187323,2131586,2055737,0,0,0,0,0,0,0,0,0,0,0,0,0,0,0,0,0,0
1603,18,000,State - ASSAM,Rural,7,663221,336763,326458,213677,107200,106477,449544,229563,219981,439576,224027,215549,0,0,0,0,0,0,0,0,0,0,0,0
1604,18,000,State - ASSAM,Rural,8,663098,337833,325265,139245,69407,69838,523853,268426,255427,515649,263962,251687,0,0,0,0,0,0,0,0,0,0,0,0
1605,18,000,State - ASSAM,Rural,9,577865,293048,284817,92018,45883,46135,485847,247165,238682,411066,209962,201104,67497,33171,34326,0,0,0,0,0,0,0,0,0
1606,18,000,State - ASSAM,Rural,10,685290,353182,332108,106250,53942,52308,579040,299240,279800,370756,193973,176783,199422,100256,99166,0,0,0,0,0,0,0,0,0
1607,18,000,State - ASSAM,Rural,11,574824,293479,281345,70193,35509,34684,504631,257970,246661,185690,98158,87532,311046,155327,155719,0,0,0,0,0,0,0,0,0
1608,18,000,State - ASSAM,Rural,12,664292,341845,322447,82479,42546,39933,581813,299299,282514,117927,64650,53277,389696,197817,191879,64182,31107,33075,0,0,0,0,0,0
1609,18,000,State - ASSAM,Rural,13,586858,298094,288764,67088,33837,33251,519770,264257,255513,65161,36534,28627,299288,152758,146530,145598,69469,76129,0,0,0,0,0,0
1610,18,000,State - ASSAM,Rural,14,588502,301164,287338,69783,35569,34214,518719,265595,253124,50631,29222,21409,192681,101818,90863,264247,128246,136001,0,0,0,0,0,0
1611,18,000,State - ASSAM,Rural,15,593308,311253,282055,82642,43753,38889,510666,267500,243166,49584,29951,19633,124730,70598,54132,266751,131586,135165,56048,27386,28662,0,0,0
1612,18,000,State - ASSAM,Rural,16,548844,293427,255417,79562,42093,37469,469282,251334,217948,46545,28510,18035,95790,56616,39174,212107,107507,104600,100231,50149,50082,0,0,0
1613,18,000,State - ASSAM,Rural,17,452394,244607,207787,66479,34146,32333,385915,210461,175454,38635,23723,14912,73587,44221,29366,132562,69233,63329,127342,65179,62163,0,0,0
1614,18,000,State - ASSAM,Rural,18,600103,312032,288071,111822,50881,60941,488281,261151,227130,57150,33594,23556,103387,58065,45322,140134,71265,68869,166439,86771,79668,0,0,0
1615,18,000,State - ASSAM,Rural,19,469442,227173,242269,87490,34464,53026,381952,192709,189243,42957,23230,19727,77402,39488,37914,100514,47890,52624,142991,73181,69810,0,0,0
1616,18,000,State - ASSAM,Rural,20-24,2477603,1203111,1274492,569392,218280,351112,1908211,984831,923380,240684,129863,110821,391243,202841,188402,485753,234757,250996,605011,323600,281411,76488,38794,37694
1617,18,000,State - ASSAM,Rural,25-29,2386510,1183063,1203447,681519,269026,412493,1704991,914037,790954,231121,125264,105857,336242,179775,156467,461150,231880,229270,450247,253390,196857,106025,60711,45314
1618,18,000,State - ASSAM,Rural,30-34,1949510,984620,964890,629873,249794,380079,1319637,734826,584811,186611,102179,84432,244815,133534,111281,346000,179336,166664,359404,211879,147525,88673,57096,31577
1619,18,000,State - ASSAM,Rural,35-39,1879751,962030,917721,699386,277753,421633,1180365,684277,496088,193768,107506,86262,216284,122203,94081,291855,156926,134929,315398,195356,120042,76492,54199,22293
1620,18,000,State - ASSAM,Rural,40-44,1507048,793546,713502,642099,261325,380774,864949,532221,332728,168716,96546,72170,160756,93745,67011,192661,110781,81880,221466,149686,71780,56698,43537,13161
1621,18,000,State - ASSAM,Rural,45-49,1310964,693457,617507,600725,244500,356225,710239,448957,261282,164016,96442,67574,143577,86333,57244,157352,95431,61921,152302,107250,45052,38743,31116,7627
1622,18,000,State - ASSAM,Rural,50-54,974992,519994,454998,477362,193180,284182,497630,326814,170816,129009,78058,50951,105960,65984,39976,105878,68426,37452,92754,69593,23161,25464,21284,4180
1623,18,000,State - ASSAM,Rural,55-59,702760,371541,331219,346355,130901,215454,356405,240640,115765,98283,59717,38566,79206,50776,28430,74157,50961,23196,60580,47711,12869,16057,13856,2201
1624,18,000,State - ASSAM,Rural,60-64,649041,327339,321702,358309,129125,229184,290732,198214,92518,91740,55786,35954,68671,45025,23646,56373,41407,14966,39128,31787,7341,10385,9160,1225
1625,18,000,State - ASSAM,Rural,65-69,422443,211838,210605,233604,79503,154101,188839,132335,56504,64621,40407,24214,44460,30274,14186,34812,27004,7808,23336,19541,3795,5593,5118,475
1626,18,000,State - ASSAM,Rural,70-74,327588,166867,160721,202229,74132,128097,125359,92735,32624,47654,32284,15370,29869,21988,7881,19485,16176,3309,13185,11596,1589,3361,3091,270
1627,18,000,State - ASSAM,Rural,75-79,153054,80838,72216,92109,34379,57730,60945,46459,14486,23775,16858,6917,14635,11236,3399,8915,7503,1412,6286,5556,730,1493,1379,114
1628,18,000,State - ASSAM,Rural,80+,195387,97407,97980,126105,47216,78889,69282,50191,19091,26335,18804,7531,16273,12074,4199,10272,7539,2733,7718,5921,1797,1457,1208,249
1629,18,000,State - ASSAM,Rural,Age not stated,15019,7852,7167,6480,2866,3614,8539,4986,3553,1350,723,627,1354,725,629,1293,736,557,1410,868,542,311,225,86
1630,18,000,State - ASSAM,Urban,All ages,4398542,2260454,2138088,906001,398008,507993,3492541,1862446,1630095,491429,249971,241458,595519,312201,283318,712960,363007,349953,1051831,568514,483317,504105,298467,205638
1631,18,000,State - ASSAM,Urban,0-6,450807,231899,218908,450807,231899,218908,0,0,0,0,0,0,0,0,0,0,0,0,0,0,0,0,0,0
1632,18,000,State - ASSAM,Urban,7,74135,38026,36109,12465,6182,6283,61670,31844,29826,60509,31169,29340,0,0,0,0,0,0,0,0,0,0,0,0
1633,18,000,State - ASSAM,Urban,8,71788,36822,34966,5673,2825,2848,66115,33997,32118,65325,33569,31756,0,0,0,0,0,0,0,0,0,0,0,0
1634,18,000,State - ASSAM,Urban,9,68935,35291,33644,4197,2085,2112,64738,33206,31532,52220,27074,25146,11805,5742,6063,0,0,0,0,0,0,0,0,0
1635,18,000,State - ASSAM,Urban,10,80670,41941,38729,5302,2657,2645,75368,39284,36084,40474,21675,18799,34007,17107,16900,0,0,0,0,0,0,0,0,0
1636,18,000,State - ASSAM,Urban,11,75383,38699,36684,3484,1690,1794,71899,37009,34890,18184,9697,8487,52901,26845,26056,0,0,0,0,0,0,0,0,0
1637,18,000,State - ASSAM,Urban,12,80579,41631,38948,3738,1830,1908,76841,39801,37040,9116,4985,4131,55216,28652,26564,11672,5674,5998,0,0,0,0,0,0
1638,18,000,State - ASSAM,Urban,13,76251,38941,37310,3202,1481,1721,73049,37460,35589,4902,2629,2273,39113,20666,18447,28219,13696,14523,0,0,0,0,0,0
1639,18,000,State - ASSAM,Urban,14,79078,40405,38673,3654,1646,2008,75424,38759,36665,3839,2101,1738,22008,12009,9999,48603,24096,24507,0,0,0,0,0,0
1640,18,000,State - ASSAM,Urban,15,80244,41213,39031,4325,2035,2290,75919,39178,36741,3834,2113,1721,12890,7365,5525,44176,22338,21838,13848,6694,7154,0,0,0
1641,18,000,State - ASSAM,Urban,16,78651,40553,38098,4090,1858,2232,74561,38695,35866,3580,2088,1492,9747,5682,4065,33215,16936,16279,26810,13291,13519,0,0,0
1642,18,000,State - ASSAM,Urban,17,75381,39150,36231,3791,1770,2021,71590,37380,34210,3437,2006,1431,8083,4912,3171,20569,10613,9956,38162,19089,19073,0,0,0
1643,18,000,State - ASSAM,Urban,18,90799,46854,43945,5956,2607,3349,84843,44247,40596,4771,2722,2049,10797,6313,4484,19481,10008,9473,47841,24133,23708,0,0,0
1644,18,000,State - ASSAM,Urban,19,79415,39227,40188,4779,1879,2900,74636,37348,37288,3974,2140,1834,8460,4618,3842,14814,7070,7744,45500,22569,22931,0,0,0
1645,18,000,State - ASSAM,Urban,20-24,431802,212469,219333,31350,11704,19646,400452,200765,199687,23091,12029,11062,48454,25888,22566,79127,38092,41035,177373,90737,86636,58497,27213,31284
1646,18,000,State - ASSAM,Urban,25-29,428637,209979,218658,38050,13961,24089,390587,196018,194569,24033,12173,11860,47529,24999,22530,83409,40325,43084,133128,68322,64806,83411,40720,42691
1647,18,000,State - ASSAM,Urban,30-34,380550,189627,190923,38647,14015,24632,341903,175612,166291,21894,10830,11064,39780,20509,19271,70663,34819,35844,118729,61938,56791,74102,39178,34924
1648,18,000,State - ASSAM,Urban,35-39,380722,191649,189073,47468,17010,30458,333254,174639,158615,25458,12639,12819,40638,20989,19649,66808,33269,33539,115358,60874,54484,68528,38788,29740
1649,18,000,State - ASSAM,Urban,40-44,324158,171917,152241,46000,17243,28757,278158,154674,123484,23581,12018,11563,34037,18029,16008,51150,26765,24385,96690,54156,42534,58939,36450,22489
1650,18,000,State - ASSAM,Urban,45-49,284285,152624,131661,43730,16151,27579,240555,136473,104082,23526,11727,11799,32061,16989,15072,45686,24300,21386,78079,44518,33561,49177,32603,16574
1651,18,000,State - ASSAM,Urban,50-54,217371,122266,95105,35540,12864,22676,181831,109402,72429,18613,9389,9224,24325,13123,11202,32872,18750,14122,57228,35012,22216,39768,28186,11582
1652,18,000,State - ASSAM,Urban,55-59,154065,86701,67364,25029,8503,16526,129036,78198,50838,14580,7046,7534,18668,9740,8928,22778,13074,9704,38920,24451,14469,27698,20469,7229
1653,18,000,State - ASSAM,Urban,60-64,126657,67224,59433,27564,8430,19134,99093,58794,40299,14028,6169,7859,16197,8028,8169,16366,9338,7028,27158,17190,9968,20223,15413,4810
1654,18,000,State - ASSAM,Urban,65-69,81199,42135,39064,18702,5155,13547,62497,36980,25517,10381,4356,6025,11098,5293,5805,10195,5807,4388,16593,11073,5520,10822,8724,2098
1655,18,000,State - ASSAM,Urban,70-74,57689,29578,28111,17226,4930,12296,40463,24648,15815,8042,3393,4649,7932,3977,3955,6002,3711,2291,9421,6716,2705,6609,5604,1005
1656,18,000,State - ASSAM,Urban,75-79,31298,15761,15537,8720,2304,6416,22578,13457,9121,4727,2019,2708,4677,2228,2449,3461,2132,1329,5107,3698,1409,3184,2718,466
1657,18,000,State - ASSAM,Urban,80+,34188,15830,18358,11821,3017,8804,22367,12813,9554,5042,2080,2962,4721,2304,2417,3283,1981,1302,5123,3627,1496,2615,2071,544
1658,18,000,State - ASSAM,Urban,Age not stated,3805,2042,1763,691,277,414,3114,1765,1349,268,135,133,375,194,181,411,213,198,763,426,337,532,330,202
1659,19,000,State - WEST BENGAL,Total,All ages,91276115,46809027,44467088,29737834,12990217,16747617,61538281,33818810,27719471,15902612,8437465,7465147,14954591,7897027,7057564,12474301,6684464,5789837,11189459,6540090,4649369,4827817,3088673,1739144
1660,19,000,State - WEST BENGAL,Total,0-6,10581466,5410396,5171070,10581466,5410396,5171070,0,0,0,0,0,0,0,0,0,0,0,0,0,0,0,0,0,0
1661,19,000,State - WEST BENGAL,Total,7,1665309,849029,816280,370299,187958,182341,1295010,661071,633939,1268139,645977,622162,0,0,0,0,0,0,0,0,0,0,0,0
1662,19,000,State - WEST BENGAL,Total,8,1722903,882730,840173,202417,102865,99552,1520486,779865,740621,1501690,769454,732236,0,0,0,0,0,0,0,0,0,0,0,0
1663,19,000,State - WEST BENGAL,Total,9,1611274,818470,792804,131970,67605,64365,1479304,750865,728439,1244825,636427,608398,219221,106036,113185,0,0,0,0,0,0,0,0,0
1664,19,000,State - WEST BENGAL,Total,10,1964078,1010766,953312,172093,89602,82491,1791985,921164,870821,1069944,561812,508132,702566,348326,354240,0,0,0,0,0,0,0,0,0
1665,19,000,State - WEST BENGAL,Total,11,1691201,865049,826152,110081,57544,52537,1581120,807505,773615,519505,276456,243049,1045536,521915,523621,0,0,0,0,0,0,0,0,0
1666,19,000,State - WEST BENGAL,Total,12,1908789,984295,924494,135738,71747,63991,1773051,912548,860503,343950,190057,153893,1208418,612770,595648,201773,98691,103082,0,0,0,0,0,0
1667,19,000,State - WEST BENGAL,Total,13,1759893,887191,872702,113706,58508,55198,1646187,828683,817504,202201,113124,89077,915300,459472,455828,511294,246301,264993,0,0,0,0,0,0
1668,19,000,State - WEST BENGAL,Total,14,1832562,930205,902357,132487,67846,64641,1700075,862359,837716,175451,101389,74062,610819,313904,296915,893130,435309,457821,0,0,0,0,0,0
1669,19,000,State - WEST BENGAL,Total,15,1856644,959715,896929,159751,81760,77991,1696893,877955,818938,178242,105567,72675,411132,223336,187796,823164,405669,417495,259532,129148,130384,0,0,0
1670,19,000,State - WEST BENGAL,Total,16,1787844,939171,848673,166251,84444,81807,1621593,854727,766866,183900,109969,73931,331916,189446,142470,608109,301095,307014,470553,238611,231942,0,0,0
1671,19,000,State - WEST BENGAL,Total,17,1617440,870750,746690,146807,73198,73609,1470633,797552,673081,169181,102180,67001,287096,169431,117665,390568,197196,193372,596278,313136,283142,0,0,0
1672,19,000,State - WEST BENGAL,Total,18,2121174,1103257,1017917,253504,115146,138358,1867670,988111,879559,260893,148413,112480,414944,230072,184872,409398,196077,213321,738717,390310,348407,0,0,0
1673,19,000,State - WEST BENGAL,Total,19,1674929,829432,845497,194099,79049,115050,1480830,750383,730447,200865,105767,95098,327423,168706,158717,301434,136124,165310,614087,321582,292505,0,0,0
1674,19,000,State - WEST BENGAL,Total,20-24,8758322,4422630,4335692,1351813,553798,798015,7406509,3868832,3537677,1177671,613142,564529,1761927,910897,851030,1518644,742035,776609,2018382,1095549,922833,701981,392346,309635
1675,19,000,State - WEST BENGAL,Total,25-29,7997909,4044904,3953005,1589431,648674,940757,6408478,3396230,3012248,1160576,586926,573650,1493969,761380,732589,1363967,705889,658078,1321276,742776,578500,815323,469817,345506
1676,19,000,State - WEST BENGAL,Total,30-34,6841590,3464659,3376931,1597646,639276,958370,5243944,2825383,2418561,1018219,511377,506842,1160364,591963,568401,1119048,594991,524057,1053950,611106,442844,667687,400759,266928
1677,19,000,State - WEST BENGAL,Total,35-39,7012646,3523361,3489285,1986134,761201,1224933,5026512,2762160,2264352,1087185,546249,540936,1083423,562301,521122,1099839,606011,493828,944117,563841,380276,576452,362939,213513
1678,19,000,State - WEST BENGAL,Total,40-44,6153060,3219604,2933456,2028053,818991,1209062,4125007,2400613,1724394,955335,511831,443504,804234,440092,364142,880768,516871,363897,784448,490348,294100,492027,328227,163800
1679,19,000,State - WEST BENGAL,Total,45-49,5335719,2814212,2521507,1881865,762069,1119796,3453854,2052143,1401711,844331,470030,374301,635538,353644,281894,731590,437398,294192,659952,418434,241518,402995,273724,129271
1680,19,000,State - WEST BENGAL,Total,50-54,4257880,2317232,1940648,1570078,639665,930413,2687802,1677567,1010235,650523,376776,273747,465620,276254,189366,542867,344660,198207,549149,365543,183606,337831,233016,104815
1681,19,000,State - WEST BENGAL,Total,55-59,3268650,1746903,1521747,1230285,451167,779118,2038365,1295736,742629,492390,275688,216702,339363,201669,137694,380510,247119,133391,420454,293919,126535,298002,216614,81388
1682,19,000,State - WEST BENGAL,Total,60-64,2745454,1406401,1339053,1210303,416486,793817,1535151,989915,545236,414257,234515,179742,262907,161290,101617,263158,175482,87676,276671,198466,78205,228246,170395,57851
1683,19,000,State - WEST BENGAL,Total,65-69,1982993,991280,991713,912237,289768,622469,1070756,701512,369244,314005,177713,136292,187468,117616,69852,176155,121236,54919,189082,142452,46630,138240,107048,31192
1684,19,000,State - WEST BENGAL,Total,70-74,1390607,686881,703726,686337,213394,472943,704270,473487,230783,209848,121474,88374,124413,80102,44311,112336,79697,32639,127941,100820,27121,82312,66108,16204
1685,19,000,State - WEST BENGAL,Total,75-79,739767,360216,379551,356396,105830,250566,383371,254386,128985,117014,66160,50854,67430,42047,25383,62437,43846,18591,70377,56032,14345,39693,32799,6894
1686,19,000,State - WEST BENGAL,Total,80+,883561,406536,477025,437986,129361,308625,445575,277175,168400,132986,73881,59105,83245,48629,34616,74379,47467,26912,81932,60756,21176,38802,29784,9018
1687,19,000,State - WEST BENGAL,Total,Age not stated,112451,63752,48699,28601,12869,15732,83850,50883,32967,9486,5111,4375,10319,5729,4590,9733,5300,4433,12561,7261,5300,8226,5097,3129
1688,19,000,State - WEST BENGAL,Rural,All ages,62183113,31844945,30338168,22969334,9996748,12972586,39213779,21848197,17365582,11970137,6421511,5548626,10626781,5687905,4938876,8167485,4449851,3717634,5704125,3516531,2187594,1402776,1042854,359922
1689,19,000,State - WEST BENGAL,Rural,0-6,7820710,3992655,3828055,7820710,3992655,3828055,0,0,0,0,0,0,0,0,0,0,0,0,0,0,0,0,0,0
1690,19,000,State - WEST BENGAL,Rural,7,1215059,618025,597034,291818,148019,143799,923241,470006,453235,905853,460125,445728,0,0,0,0,0,0,0,0,0,0,0,0
1691,19,000,State - WEST BENGAL,Rural,8,1270834,649812,621022,160069,81605,78464,1110765,568207,542558,1098668,561487,537181,0,0,0,0,0,0,0,0,0,0,0,0
1692,19,000,State - WEST BENGAL,Rural,9,1174983,595030,579953,101723,52181,49542,1073260,542849,530411,919666,468194,451472,143962,69314,74648,0,0,0,0,0,0,0,0,0
1693,19,000,State - WEST BENGAL,Rural,10,1429417,733978,695439,131132,68141,62991,1298285,665837,632448,804620,421119,383501,481636,237806,243830,0,0,0,0,0,0,0,0,0
1694,19,000,State - WEST BENGAL,Rural,11,1219828,621269,598559,83177,43397,39780,1136651,577872,558779,396280,209970,186310,730218,362108,368110,0,0,0,0,0,0,0,0,0
1695,19,000,State - WEST BENGAL,Rural,12,1399849,719512,680337,105249,55358,49891,1294600,664154,630446,268377,147949,120428,885899,446331,439568,127959,62534,65425,0,0,0,0,0,0
1696,19,000,State - WEST BENGAL,Rural,13,1289824,648450,641374,88090,45239,42851,1201734,603211,598523,158225,88878,69347,691938,344812,347126,339949,162930,177019,0,0,0,0,0,0
1697,19,000,State - WEST BENGAL,Rural,14,1338176,677819,660357,102570,52355,50215,1235606,625464,610142,137240,79860,57380,470144,240659,229485,614482,296987,317495,0,0,0,0,0,0
1698,19,000,State - WEST BENGAL,Rural,15,1344769,695320,649449,124096,63470,60626,1220673,631850,588823,139817,83466,56351,316937,172844,144093,588113,287025,301088,159156,78796,80360,0,0,0
1699,19,000,State - WEST BENGAL,Rural,16,1285154,679426,605728,129514,65735,63779,1155640,613691,541949,144623,87389,57234,254907,147201,107706,443341,218385,224956,294236,149814,144422,0,0,0
1700,19,000,State - WEST BENGAL,Rural,17,1136534,619049,517485,112494,55933,56561,1024040,563116,460924,131509,80301,51208,218751,130974,87777,286999,145272,141727,368310,195895,172415,0,0,0
1701,19,000,State - WEST BENGAL,Rural,18,1509693,789137,720556,197367,88682,108685,1312326,700455,611871,204761,116955,87806,319050,178177,140873,304990,145854,159136,453745,243538,210207,0,0,0
1702,19,000,State - WEST BENGAL,Rural,19,1166545,576672,589873,150334,60055,90279,1016211,516617,499594,157632,82915,74717,249873,129250,120623,222805,99780,123025,361166,192644,168522,0,0,0
1703,19,000,State - WEST BENGAL,Rural,20-24,6042721,3062672,2980049,1069198,432966,636232,4973523,2629706,2343817,930407,483689,446718,1331717,689201,642516,1090829,534727,556102,1189407,668925,520482,281792,177924,103868
1704,19,000,State - WEST BENGAL,Rural,25-29,5354996,2723495,2631501,1265055,513977,751078,4089941,2209518,1880423,907911,459623,448288,1088554,557121,531433,920876,481719,439157,724384,434099,290285,289641,195727,93914
1705,19,000,State - WEST BENGAL,Rural,30-34,4452270,2255183,2197087,1270067,506111,763956,3182203,1749072,1433131,787788,396227,391561,814819,419127,395692,714896,386496,328400,517207,325987,191220,208658,149745,58913
1706,19,000,State - WEST BENGAL,Rural,35-39,4596701,2306077,2290624,1582551,605611,976940,3014150,1700466,1313684,835110,421884,413226,748518,396456,352062,686701,391075,295626,431328,288050,143278,165176,126879,38297
1707,19,000,State - WEST BENGAL,Rural,40-44,4024731,2100597,1924134,1620993,655202,965791,2403738,1445395,958343,727617,393753,333864,542120,304353,237767,533776,326711,207065,336414,239268,97146,133770,109362,24408
1708,19,000,State - WEST BENGAL,Rural,45-49,3422477,1807534,1614943,1492480,609069,883411,1929997,1198465,731532,631912,358723,273189,411558,238045,173513,422854,267924,154930,257365,189521,67844,97315,82096,15219
1709,19,000,State - WEST BENGAL,Rural,50-54,2693913,1469321,1224592,1244549,512533,732016,1449364,956788,492576,483643,288900,194743,296011,186413,109598,309287,211608,97679,209073,162339,46734,67509,57604,9905
1710,19,000,State - WEST BENGAL,Rural,55-59,2048869,1086200,962669,978161,361111,617050,1070708,725089,345619,362638,210590,152048,210402,135869,74533,211730,152742,58988,162912,135689,27223,60580,53312,7268
1711,19,000,State - WEST BENGAL,Rural,60-64,1746446,881516,864930,959756,331917,627839,786690,549599,237091,299690,179464,120226,156157,107669,48488,137329,106473,30856,95258,83518,11740,46875,42602,4273
1712,19,000,State - WEST BENGAL,Rural,65-69,1280414,625865,654549,730823,234226,496597,549591,391639,157952,225978,138301,87677,109947,79786,30161,89485,73016,16469,60050,54387,5663,26574,24882,1692
1713,19,000,State - WEST BENGAL,Rural,70-74,876931,421658,455273,535775,169203,366572,341156,252455,88701,143164,92869,50295,69305,53286,16019,53383,45590,7793,36669,34032,2637,12988,12247,741
1714,19,000,State - WEST BENGAL,Rural,75-79,456033,217061,238972,277385,84461,192924,178648,132600,46048,76794,50428,26366,35307,27510,7797,28625,24624,4001,19094,17655,1439,5163,4852,311
1715,19,000,State - WEST BENGAL,Rural,80+,536855,245245,291610,327190,100224,226966,209665,145021,64644,84667,55372,29295,43845,30608,13237,34479,25717,8762,24127,19591,4536,5350,4586,764
1716,19,000,State - WEST BENGAL,Rural,Age not stated,48381,26367,22014,17008,7312,9696,31373,19055,12318,5547,3080,2467,5206,2985,2221,4597,2662,1935,4224,2783,1441,1385,1036,349
1717,19,000,State - WEST BENGAL,Urban,All ages,29093002,14964082,14128920,6768500,2993469,3775031,22324502,11970613,10353889,3932475,2015954,1916521,4327810,2209122,2118688,4306816,2234613,2072203,5485334,3023559,2461775,3425041,2045819,1379222
1718,19,000,State - WEST BENGAL,Urban,0-6,2760756,1417741,1343015,2760756,1417741,1343015,0,0,0,0,0,0,0,0,0,0,0,0,0,0,0,0,0,0
1719,19,000,State - WEST BENGAL,Urban,7,450250,231004,219246,78481,39939,38542,371769,191065,180704,362286,185852,176434,0,0,0,0,0,0,0,0,0,0,0,0
1720,19,000,State - WEST BENGAL,Urban,8,452069,232918,219151,42348,21260,21088,409721,211658,198063,403022,207967,195055,0,0,0,0,0,0,0,0,0,0,0,0
1721,19,000,State - WEST BENGAL,Urban,9,436291,223440,212851,30247,15424,14823,406044,208016,198028,325159,168233,156926,75259,36722,38537,0,0,0,0,0,0,0,0,0
1722,19,000,State - WEST BENGAL,Urban,10,534661,276788,257873,40961,21461,19500,493700,255327,238373,265324,140693,124631,220930,110520,110410,0,0,0,0,0,0,0,0,0
1723,19,000,State - WEST BENGAL,Urban,11,471373,243780,227593,26904,14147,12757,444469,229633,214836,123225,66486,56739,315318,159807,155511,0,0,0,0,0,0,0,0,0
1724,19,000,State - WEST BENGAL,Urban,12,508940,264783,244157,30489,16389,14100,478451,248394,230057,75573,42108,33465,322519,166439,156080,73814,36157,37657,0,0,0,0,0,0
1725,19,000,State - WEST BENGAL,Urban,13,470069,238741,231328,25616,13269,12347,444453,225472,218981,43976,24246,19730,223362,114660,108702,171345,83371,87974,0,0,0,0,0,0
1726,19,000,State - WEST BENGAL,Urban,14,494386,252386,242000,29917,15491,14426,464469,236895,227574,38211,21529,16682,140675,73245,67430,278648,138322,140326,0,0,0,0,0,0
1727,19,000,State - WEST BENGAL,Urban,15,511875,264395,247480,35655,18290,17365,476220,246105,230115,38425,22101,16324,94195,50492,43703,235051,118644,116407,100376,50352,50024,0,0,0
1728,19,000,State - WEST BENGAL,Urban,16,502690,259745,242945,36737,18709,18028,465953,241036,224917,39277,22580,16697,77009,42245,34764,164768,82710,82058,176317,88797,87520,0,0,0
1729,19,000,State - WEST BENGAL,Urban,17,480906,251701,229205,34313,17265,17048,446593,234436,212157,37672,21879,15793,68345,38457,29888,103569,51924,51645,227968,117241,110727,0,0,0
1730,19,000,State - WEST BENGAL,Urban,18,611481,314120,297361,56137,26464,29673,555344,287656,267688,56132,31458,24674,95894,51895,43999,104408,50223,54185,284972,146772,138200,0,0,0
1731,19,000,State - WEST BENGAL,Urban,19,508384,252760,255624,43765,18994,24771,464619,233766,230853,43233,22852,20381,77550,39456,38094,78629,36344,42285,252921,128938,123983,0,0,0
1732,19,000,State - WEST BENGAL,Urban,20-24,2715601,1359958,1355643,282615,120832,161783,2432986,1239126,1193860,247264,129453,117811,430210,221696,208514,427815,207308,220507,828975,426624,402351,420189,214422,205767
1733,19,000,State - WEST BENGAL,Urban,25-29,2642913,1321409,1321504,324376,134697,189679,2318537,1186712,1131825,252665,127303,125362,405415,204259,201156,443091,224170,218921,596892,308677,288215,525682,274090,251592
1734,19,000,State - WEST BENGAL,Urban,30-34,2389320,1209476,1179844,327579,133165,194414,2061741,1076311,985430,230431,115150,115281,345545,172836,172709,404152,208495,195657,536743,285119,251624,459029,251014,208015
1735,19,000,State - WEST BENGAL,Urban,35-39,2415945,1217284,1198661,403583,155590,247993,2012362,1061694,950668,252075,124365,127710,334905,165845,169060,413138,214936,198202,512789,275791,236998,411276,236060,175216
1736,19,000,State - WEST BENGAL,Urban,40-44,2128329,1119007,1009322,407060,163789,243271,1721269,955218,766051,227718,118078,109640,262114,135739,126375,346992,190160,156832,448034,251080,196954,358257,218865,139392
1737,19,000,State - WEST BENGAL,Urban,45-49,1913242,1006678,906564,389385,153000,236385,1523857,853678,670179,212419,111307,101112,223980,115599,108381,308736,169474,139262,402587,228913,173674,305680,191628,114052
1738,19,000,State - WEST BENGAL,Urban,50-54,1563967,847911,716056,325529,127132,198397,1238438,720779,517659,166880,87876,79004,169609,89841,79768,233580,133052,100528,340076,203204,136872,270322,175412,94910
1739,19,000,State - WEST BENGAL,Urban,55-59,1219781,660703,559078,252124,90056,162068,967657,570647,397010,129752,65098,64654,128961,65800,63161,168780,94377,74403,257542,158230,99312,237422,163302,74120
1740,19,000,State - WEST BENGAL,Urban,60-64,999008,524885,474123,250547,84569,165978,748461,440316,308145,114567,55051,59516,106750,53621,53129,125829,69009,56820,181413,114948,66465,181371,127793,53578
1741,19,000,State - WEST BENGAL,Urban,65-69,702579,365415,337164,181414,55542,125872,521165,309873,211292,88027,39412,48615,77521,37830,39691,86670,48220,38450,129032,88065,40967,111666,82166,29500
1742,19,000,State - WEST BENGAL,Urban,70-74,513676,265223,248453,150562,44191,106371,363114,221032,142082,66684,28605,38079,55108,26816,28292,58953,34107,24846,91272,66788,24484,69324,53861,15463
1743,19,000,State - WEST BENGAL,Urban,75-79,283734,143155,140579,79011,21369,57642,204723,121786,82937,40220,15732,24488,32123,14537,17586,33812,19222,14590,51283,38377,12906,34530,27947,6583
1744,19,000,State - WEST BENGAL,Urban,80+,346706,161291,185415,110796,29137,81659,235910,132154,103756,48319,18509,29810,39400,18021,21379,39900,21750,18150,57805,41165,16640,33452,25198,8254
1745,19,000,State - WEST BENGAL,Urban,Age not stated,64070,37385,26685,11593,5557,6036,52477,31828,20649,3939,2031,1908,5113,2744,2369,5136,2638,2498,8337,4478,3859,6841,4061,2780
1746,20,000,State - JHARKHAND,Total,All ages,32988134,16930315,16057819,14660065,6047796,8612269,18328069,10882519,7445550,4293415,2292684,2000731,4808604,2752242,2056362,3091107,1895039,1196068,4021045,2579486,1441559,1328477,906174,422303
1747,20,000,State - JHARKHAND,Total,0-6,5389495,2767147,2622348,5389495,2767147,2622348,0,0,0,0,0,0,0,0,0,0,0,0,0,0,0,0,0,0
1748,20,000,State - JHARKHAND,Total,7,790068,401517,388551,246787,119734,127053,543281,281783,261498,529522,273779,255743,0,0,0,0,0,0,0,0,0,0,0,0
1749,20,000,State - JHARKHAND,Total,8,922118,471739,450379,165721,78229,87492,756397,393510,362887,744786,386803,357983,0,0,0,0,0,0,0,0,0,0,0,0
1750,20,000,State - JHARKHAND,Total,9,685041,348610,336431,88494,41148,47346,596547,307462,289085,534465,275100,259365,53924,27661,26263,0,0,0,0,0,0,0,0,0
1751,20,000,State - JHARKHAND,Total,10,1004485,521422,483063,122466,57013,65453,882019,464409,417610,659811,346633,313178,210631,110989,99642,0,0,0,0,0,0,0,0,0
1752,20,000,State - JHARKHAND,Total,11,692162,356346,335816,62654,27862,34792,629508,328484,301024,298858,155511,143347,322541,168202,154339,0,0,0,0,0,0,0,0,0
1753,20,000,State - JHARKHAND,Total,12,940691,486510,454181,90978,39475,51503,849713,447035,402678,233796,122253,111543,540853,284187,256666,63955,34096,29859,0,0,0,0,0,0
1754,20,000,State - JHARKHAND,Total,13,719929,364081,355848,61595,25296,36299,658334,338785,319549,95418,48690,46728,409979,209986,199993,144002,75046,68956,0,0,0,0,0,0
1755,20,000,State - JHARKHAND,Total,14,747129,384268,362861,71858,29421,42437,675271,354847,320424,58631,29979,28652,304126,158288,145838,302078,160649,141429,0,0,0,0,0,0
1756,20,000,State - JHARKHAND,Total,15,762402,408766,353636,94160,40418,53742,668242,368348,299894,47449,25877,21572,207862,115069,92793,282383,155626,126757,117683,64017,53666,0,0,0
1757,20,000,State - JHARKHAND,Total,16,671906,362192,309714,87507,36063,51444,584399,326129,258270,35948,19547,16401,131644,74361,57283,198780,111581,87199,205545,113307,92238,0,0,0
1758,20,000,State - JHARKHAND,Total,17,510735,278341,232394,68216,26294,41922,442519,252047,190472,23332,12764,10568,77519,45098,32421,105391,60364,45027,225635,127594,98041,0,0,0
1759,20,000,State - JHARKHAND,Total,18,764258,414989,349269,147243,52381,94862,617015,362608,254407,41442,22586,18856,122525,72398,50127,121518,72378,49140,312302,184338,127964,0,0,0
1760,20,000,State - JHARKHAND,Total,19,495967,250599,245368,95738,27567,68171,400229,223032,177197,24888,11852,13036,70706,37750,32956,65989,36233,29756,225369,130302,95067,0,0,0
1761,20,000,State - JHARKHAND,Total,20-24,2827622,1431263,1396359,736350,219675,516675,2091272,1211588,879684,158635,79494,79141,442044,247792,194252,352531,206584,145947,824521,500842,323679,222692,127498,95194
1762,20,000,State - JHARKHAND,Total,25-29,2652639,1342314,1310325,868244,271312,596932,1784395,1071002,713393,154269,80127,74142,408714,236285,172429,356792,224108,132684,490975,305017,185958,271571,167263,104308
1763,20,000,State - JHARKHAND,Total,30-34,2307296,1165866,1141430,882770,278751,604019,1424526,887115,537411,130199,69787,60412,326570,193135,133435,277732,180488,97244,402566,262562,140004,202113,132286,69827
1764,20,000,State - JHARKHAND,Total,35-39,2136764,1092675,1044089,926264,305136,621128,1210500,787539,422961,115822,65839,49983,278191,171143,107048,224743,150577,74166,344920,236333,108587,170039,118538,51501
1765,20,000,State - JHARKHAND,Total,40-44,1788506,930421,858085,866210,304348,561862,922296,626073,296223,93252,56766,36486,215711,137866,77845,165762,115260,50502,245977,175823,70154,139621,103100,36521
1766,20,000,State - JHARKHAND,Total,45-49,1534094,798966,735128,802155,290608,511547,731939,508358,223581,78546,50161,28385,182724,120172,62552,130218,92882,37336,179051,129310,49741,109154,84193,24961
1767,20,000,State - JHARKHAND,Total,50-54,1186181,620682,565499,652819,245278,407541,533362,375404,157958,59000,38850,20150,139605,92351,47254,92122,66233,25889,130404,96885,33519,72655,57029,15626
1768,20,000,State - JHARKHAND,Total,55-59,985234,487604,497630,563522,185905,377617,421712,301699,120013,46802,30369,16433,109106,71090,38016,68042,49295,18747,110139,86917,23222,55431,45224,10207
1769,20,000,State - JHARKHAND,Total,60-64,957482,474565,482917,604744,215571,389173,352738,258994,93744,46104,31928,14176,101066,69781,31285,56249,41735,14514,81344,66056,15288,36931,30985,5946
1770,20,000,State - JHARKHAND,Total,65-69,635397,317852,317545,411588,148227,263361,223809,169625,54184,30852,22382,8470,64016,46437,17579,35641,27313,8328,52620,43728,8892,19895,17192,2703
1771,20,000,State - JHARKHAND,Total,70-74,407108,210878,196230,275473,108584,166889,131635,102294,29341,19775,14974,4801,38319,28556,9763,19191,15244,3947,29438,25144,4294,11507,10113,1394
1772,20,000,State - JHARKHAND,Total,75-79,167954,83542,84412,110468,40077,70391,57486,43465,14021,8745,6413,2332,16856,12165,4691,8362,6418,1944,12788,10749,2039,4796,4226,570
1773,20,000,State - JHARKHAND,Total,80+,188737,94908,93829,125073,48891,76182,63664,46017,17647,10228,7362,2866,19856,14177,5679,9564,6944,2620,12529,9731,2798,4284,3511,773
1774,20,000,State - JHARKHAND,Total,Age not stated,116734,62252,54482,41473,17385,24088,75261,44867,30394,12840,6858,5982,13516,7303,6213,10062,5985,4077,17239,10831,6408,7788,5016,2772
1775,20,000,State - JHARKHAND,Rural,All ages,25055073,12776486,12278587,12411995,5093755,7318240,12643078,7682731,4960347,3446217,1851175,1595042,3759149,2219230,1539919,2202517,1409430,793087,2204801,1514555,690246,414891,321799,93092
1776,20,000,State - JHARKHAND,Rural,0-6,4367507,2231494,2136013,4367507,2231494,2136013,0,0,0,0,0,0,0,0,0,0,0,0,0,0,0,0,0,0
1777,20,000,State - JHARKHAND,Rural,7,627727,316787,310940,211174,101734,109440,416553,215053,201500,405859,208824,197035,0,0,0,0,0,0,0,0,0,0,0,0
1778,20,000,State - JHARKHAND,Rural,8,749801,381550,368251,145622,68244,77378,604179,313306,290873,594631,307834,286797,0,0,0,0,0,0,0,0,0,0,0,0
1779,20,000,State - JHARKHAND,Rural,9,544338,275203,269135,76993,35479,41514,467345,239724,227621,421578,215781,205797,39028,20116,18912,0,0,0,0,0,0,0,0,0
1780,20,000,State - JHARKHAND,Rural,10,810373,418955,391418,106469,49087,57382,703904,369868,334036,535070,279576,255494,159166,84667,74499,0,0,0,0,0,0,0,0,0
1781,20,000,State - JHARKHAND,Rural,11,539767,276537,263230,53771,23513,30258,485996,253024,232972,239680,123662,116018,239664,125505,114159,0,0,0,0,0,0,0,0,0
1782,20,000,State - JHARKHAND,Rural,12,753599,388684,364915,79582,33942,45640,674017,354742,319275,195425,101341,94084,426368,224672,201696,42742,23258,19484,0,0,0,0,0,0
1783,20,000,State - JHARKHAND,Rural,13,558536,282063,276473,53274,21421,31853,505262,260642,244620,79548,40170,39378,321613,164825,156788,96620,51439,45181,0,0,0,0,0,0
1784,20,000,State - JHARKHAND,Rural,14,574917,295807,279110,61900,24882,37018,513017,270925,242092,49512,25046,24466,244868,127372,117496,209834,113535,96299,0,0,0,0,0,0
1785,20,000,State - JHARKHAND,Rural,15,585032,316022,269010,81728,34550,47178,503304,281472,221832,40677,22057,18620,172440,95674,76766,208105,116715,91390,71121,40411,30710,0,0,0
1786,20,000,State - JHARKHAND,Rural,16,497767,270845,226922,75278,30368,44910,422489,240477,182012,30357,16374,13983,109365,62061,47304,148964,84897,64067,123296,70970,52326,0,0,0
1787,20,000,State - JHARKHAND,Rural,17,359890,198094,161796,58141,21658,36483,301749,176436,125313,19289,10463,8826,63516,37219,26297,79735,46172,33563,130409,77392,53017,0,0,0
1788,20,000,State - JHARKHAND,Rural,18,565403,307946,257457,128276,44049,84227,437127,263897,173230,34926,18860,16066,102410,60720,41690,95286,57468,37818,188436,117722,70714,0,0,0
1789,20,000,State - JHARKHAND,Rural,19,351275,175414,175861,83344,22792,60552,267931,152622,115309,20855,9749,11106,58315,31181,27134,50637,28093,22544,127240,77932,49308,0,0,0
1790,20,000,State - JHARKHAND,Rural,20-24,2052259,1031084,1021175,647922,188171,459751,1404337,842913,561424,134253,67471,66782,365367,208394,156973,265458,159979,105479,484383,311909,172474,81200,54723,26477
1791,20,000,State - JHARKHAND,Rural,25-29,1942429,976894,965535,764430,236416,528014,1177999,740478,437521,130223,69053,61170,335071,200384,134687,263926,173217,90709,275685,184652,91033,92709,66444,26265
1792,20,000,State - JHARKHAND,Rural,30-34,1697271,849293,847978,774256,243972,530284,923015,605321,317694,108559,60036,48523,262388,162285,100103,202966,139491,63475,219139,156767,62372,63005,47471,15534
1793,20,000,State - JHARKHAND,Rural,35-39,1570756,799950,770806,802933,266724,536209,767823,533226,234597,93959,55780,38179,215946,141356,74590,158069,113627,44442,186610,142820,43790,53503,43223,10280
1794,20,000,State - JHARKHAND,Rural,40-44,1312316,676548,635768,747440,265911,481529,564876,410637,154239,74274,47462,26812,161853,111088,50765,112034,84547,27487,125733,100720,25013,43386,37071,6315
1795,20,000,State - JHARKHAND,Rural,45-49,1122090,580579,541511,689159,255319,433840,432931,325260,107671,61187,41491,19696,132474,95345,37129,84323,66335,17988,83892,69067,14825,31407,27952,3455
1796,20,000,State - JHARKHAND,Rural,50-54,861644,447952,413692,558012,215907,342105,303632,232045,71587,45382,32069,13313,97942,72097,25845,57309,45992,11317,55945,47304,8641,17671,15766,1905
1797,20,000,State - JHARKHAND,Rural,55-59,720551,343784,376767,485338,164166,321172,235213,179618,55595,35620,24997,10623,75497,55094,20403,41724,33731,7993,45751,39684,6067,12659,11503,1156
1798,20,000,State - JHARKHAND,Rural,60-64,739909,359498,380411,528968,193061,335907,210941,166437,44504,35779,26808,8971,71955,55519,16436,35067,29316,5751,35491,31898,3593,8722,8026,696
1799,20,000,State - JHARKHAND,Rural,65-69,502092,246596,255496,363873,134252,229621,138219,112344,25875,23925,18941,4984,46332,37570,8762,23015,19649,3366,23743,21346,2397,4841,4512,329
1800,20,000,State - JHARKHAND,Rural,70-74,319521,163601,155920,240776,97751,143025,78745,65850,12895,15131,12582,2549,26482,22280,4202,11755,10392,1363,12387,11401,986,2698,2524,174
1801,20,000,State - JHARKHAND,Rural,75-79,128086,62658,65428,95675,35872,59803,32411,26786,5625,6422,5280,1142,10930,9213,1717,4754,4151,603,5003,4573,430,940,871,69
1802,20,000,State - JHARKHAND,Rural,80+,143253,72523,70730,105273,42876,62397,37980,29647,8333,7492,5958,1534,13331,10663,2668,5709,4533,1176,5234,4305,929,987,840,147
1803,20,000,State - JHARKHAND,Rural,Age not stated,56964,30125,26839,24881,10144,14737,32083,19981,12102,6604,3510,3094,6828,3930,2898,4485,2893,1592,5303,3682,1621,1163,873,290
1804,20,000,State - JHARKHAND,Urban,All ages,7933061,4153829,3779232,2248070,954041,1294029,5684991,3199788,2485203,847198,441509,405689,1049455,533012,516443,888590,485609,402981,1816244,1064931,751313,913586,584375,329211
1805,20,000,State - JHARKHAND,Urban,0-6,1021988,535653,486335,1021988,535653,486335,0,0,0,0,0,0,0,0,0,0,0,0,0,0,0,0,0,0
1806,20,000,State - JHARKHAND,Urban,7,162341,84730,77611,35613,18000,17613,126728,66730,59998,123663,64955,58708,0,0,0,0,0,0,0,0,0,0,0,0
1807,20,000,State - JHARKHAND,Urban,8,172317,90189,82128,20099,9985,10114,152218,80204,72014,150155,78969,71186,0,0,0,0,0,0,0,0,0,0,0,0
1808,20,000,State - JHARKHAND,Urban,9,140703,73407,67296,11501,5669,5832,129202,67738,61464,112887,59319,53568,14896,7545,7351,0,0,0,0,0,0,0,0,0
1809,20,000,State - JHARKHAND,Urban,10,194112,102467,91645,15997,7926,8071,178115,94541,83574,124741,67057,57684,51465,26322,25143,0,0,0,0,0,0,0,0,0
1810,20,000,State - JHARKHAND,Urban,11,152395,79809,72586,8883,4349,4534,143512,75460,68052,59178,31849,27329,82877,42697,40180,0,0,0,0,0,0,0,0,0
1811,20,000,State - JHARKHAND,Urban,12,187092,97826,89266,11396,5533,5863,175696,92293,83403,38371,20912,17459,114485,59515,54970,21213,10838,10375,0,0,0,0,0,0
1812,20,000,State - JHARKHAND,Urban,13,161393,82018,79375,8321,3875,4446,153072,78143,74929,15870,8520,7350,88366,45161,43205,47382,23607,23775,0,0,0,0,0,0
1813,20,000,State - JHARKHAND,Urban,14,172212,88461,83751,9958,4539,5419,162254,83922,78332,9119,4933,4186,59258,30916,28342,92244,47114,45130,0,0,0,0,0,0
1814,20,000,State - JHARKHAND,Urban,15,177370,92744,84626,12432,5868,6564,164938,86876,78062,6772,3820,2952,35422,19395,16027,74278,38911,35367,46562,23606,22956,0,0,0
1815,20,000,State - JHARKHAND,Urban,16,174139,91347,82792,12229,5695,6534,161910,85652,76258,5591,3173,2418,22279,12300,9979,49816,26684,23132,82249,42337,39912,0,0,0
1816,20,000,State - JHARKHAND,Urban,17,150845,80247,70598,10075,4636,5439,140770,75611,65159,4043,2301,1742,14003,7879,6124,25656,14192,11464,95226,50202,45024,0,0,0
1817,20,000,State - JHARKHAND,Urban,18,198855,107043,91812,18967,8332,10635,179888,98711,81177,6516,3726,2790,20115,11678,8437,26232,14910,11322,123866,66616,57250,0,0,0
1818,20,000,State - JHARKHAND,Urban,19,144692,75185,69507,12394,4775,7619,132298,70410,61888,4033,2103,1930,12391,6569,5822,15352,8140,7212,98129,52370,45759,0,0,0
1819,20,000,State - JHARKHAND,Urban,20-24,775363,400179,375184,88428,31504,56924,686935,368675,318260,24382,12023,12359,76677,39398,37279,87073,46605,40468,340138,188933,151205,141492,72775,68717
1820,20,000,State - JHARKHAND,Urban,25-29,710210,365420,344790,103814,34896,68918,606396,330524,275872,24046,11074,12972,73643,35901,37742,92866,50891,41975,215290,120365,94925,178862,100819,78043
1821,20,000,State - JHARKHAND,Urban,30-34,610025,316573,293452,108514,34779,73735,501511,281794,219717,21640,9751,11889,64182,30850,33332,74766,40997,33769,183427,105795,77632,139108,84815,54293
1822,20,000,State - JHARKHAND,Urban,35-39,566008,292725,273283,123331,38412,84919,442677,254313,188364,21863,10059,11804,62245,29787,32458,66674,36950,29724,158310,93513,64797,116536,75315,41221
1823,20,000,State - JHARKHAND,Urban,40-44,476190,253873,222317,118770,38437,80333,357420,215436,141984,18978,9304,9674,53858,26778,27080,53728,30713,23015,120244,75103,45141,96235,66029,30206
1824,20,000,State - JHARKHAND,Urban,45-49,412004,218387,193617,112996,35289,77707,299008,183098,115910,17359,8670,8689,50250,24827,25423,45895,26547,19348,95159,60243,34916,77747,56241,21506
1825,20,000,State - JHARKHAND,Urban,50-54,324537,172730,151807,94807,29371,65436,229730,143359,86371,13618,6781,6837,41663,20254,21409,34813,20241,14572,74459,49581,24878,54984,41263,13721
1826,20,000,State - JHARKHAND,Urban,55-59,264683,143820,120863,78184,21739,56445,186499,122081,64418,11182,5372,5810,33609,15996,17613,26318,15564,10754,64388,47233,17155,42772,33721,9051
1827,20,000,State - JHARKHAND,Urban,60-64,217573,115067,102506,75776,22510,53266,141797,92557,49240,10325,5120,5205,29111,14262,14849,21182,12419,8763,45853,34158,11695,28209,22959,5250
1828,20,000,State - JHARKHAND,Urban,65-69,133305,71256,62049,47715,13975,33740,85590,57281,28309,6927,3441,3486,17684,8867,8817,12626,7664,4962,28877,22382,6495,15054,12680,2374
1829,20,000,State - JHARKHAND,Urban,70-74,87587,47277,40310,34697,10833,23864,52890,36444,16446,4644,2392,2252,11837,6276,5561,7436,4852,2584,17051,13743,3308,8809,7589,1220
1830,20,000,State - JHARKHAND,Urban,75-79,39868,20884,18984,14793,4205,10588,25075,16679,8396,2323,1133,1190,5926,2952,2974,3608,2267,1341,7785,6176,1609,3856,3355,501
1831,20,000,State - JHARKHAND,Urban,80+,45484,22385,23099,19800,6015,13785,25684,16370,9314,2736,1404,1332,6525,3514,3011,3855,2411,1444,7295,5426,1869,3297,2671,626
1832,20,000,State - JHARKHAND,Urban,Age not stated,59770,32127,27643,16592,7241,9351,43178,24886,18292,6236,3348,2888,6688,3373,3315,5577,3092,2485,11936,7149,4787,6625,4143,2482
1833,21,000,State - ODISHA,Total,All ages,41974218,21212136,20762082,15231623,6122455,9109168,26742595,15089681,11652914,5886571,3126770,2759801,7714716,4157327,3557389,5285243,3035765,2249478,5178562,3122104,2056458,1783797,1174184,609613
1834,21,000,State - ODISHA,Total,0-6,5273194,2716497,2556697,5273194,2716497,2556697,0,0,0,0,0,0,0,0,0,0,0,0,0,0,0,0,0,0
1835,21,000,State - ODISHA,Total,7,828124,419291,408833,243144,119751,123393,584980,299540,285440,572793,292650,280143,0,0,0,0,0,0,0,0,0,0,0,0
1836,21,000,State - ODISHA,Total,8,850364,433510,416854,130171,62990,67181,720193,370520,349673,710841,365503,345338,0,0,0,0,0,0,0,0,0,0,0,0
1837,21,000,State - ODISHA,Total,9,776115,394168,381947,75679,35470,40209,700436,358698,341738,621020,318451,302569,71490,35876,35614,0,0,0,0,0,0,0,0,0
1838,21,000,State - ODISHA,Total,10,913606,468214,445392,97047,45389,51658,816559,422825,393734,487132,253972,233160,319225,163234,155991,0,0,0,0,0,0,0,0,0
1839,21,000,State - ODISHA,Total,11,839933,428712,411221,59550,26646,32904,780383,402066,378317,191776,100617,91159,579440,296579,282861,0,0,0,0,0,0,0,0,0
1840,21,000,State - ODISHA,Total,12,916799,467103,449696,75270,32355,42915,841529,434748,406781,99905,52353,47552,646449,333761,312688,84614,43266,41348,0,0,0,0,0,0
1841,21,000,State - ODISHA,Total,13,839473,420237,419236,59500,24217,35283,779973,396020,383953,50072,25528,24544,436360,222864,213496,283467,142608,140859,0,0,0,0,0,0
1842,21,000,State - ODISHA,Total,14,838814,419269,419545,65167,25425,39742,773647,393844,379803,39916,20020,19896,238015,122845,115170,483995,245027,238968,0,0,0,0,0,0
1843,21,000,State - ODISHA,Total,15,869586,436883,432703,90539,35207,55332,779047,401676,377371,43951,22255,21696,176904,92725,84179,376687,195191,181496,166915,84077,82838,0,0,0
1844,21,000,State - ODISHA,Total,16,775052,388035,387017,84451,30872,53579,690601,357163,333438,39962,19779,20183,148196,77335,70861,240742,125233,115509,247035,127232,119803,0,0,0
1845,21,000,State - ODISHA,Total,17,692046,346739,345307,73697,25638,48059,618349,321101,297248,34591,16613,17978,127091,65803,61288,174032,89521,84511,268240,141723,126517,0,0,0
1846,21,000,State - ODISHA,Total,18,906416,460498,445918,126666,42286,84380,779750,418212,361538,53362,26374,26988,181056,96486,84570,211017,113369,97648,312263,170528,141735,0,0,0
1847,21,000,State - ODISHA,Total,19,682298,340529,341769,86856,26800,60056,595442,313729,281713,36536,17369,19167,125382,64528,60854,158230,83199,75031,257474,139722,117752,0,0,0
1848,21,000,State - ODISHA,Total,20-24,3783527,1870939,1912588,614789,187851,426938,3168738,1683088,1485650,239913,112877,127036,714203,366814,347389,885461,479164,406297,961919,533683,428236,262161,137148,125013
1849,21,000,State - ODISHA,Total,25-29,3574037,1772876,1801161,735078,236050,499028,2838959,1536826,1302133,284815,132121,152694,645932,330440,315492,705200,401561,303639,768408,434688,333720,329442,184042,145400
1850,21,000,State - ODISHA,Total,30-34,3102991,1542233,1560758,784091,249248,534843,2318900,1292985,1025915,298322,138882,159440,560471,283404,277067,460842,271052,189790,588290,355134,233156,323038,199847,123191
1851,21,000,State - ODISHA,Total,35-39,3051188,1528685,1522503,942459,306615,635844,2108729,1222070,886659,341842,170369,171473,567955,296822,271133,388325,241230,147095,452759,284197,168562,274019,186169,87850
1852,21,000,State - ODISHA,Total,40-44,2691474,1387920,1303554,967401,334118,633283,1724073,1053802,670271,328066,174474,153592,491405,269199,222206,290210,199446,90764,349089,229456,119633,193433,142432,51001
1853,21,000,State - ODISHA,Total,45-49,2334030,1212366,1121664,924189,328635,595554,1409841,883731,526110,313258,174339,138919,446111,251979,194132,192337,137520,54817,257906,179845,78061,139387,106915,32472
1854,21,000,State - ODISHA,Total,50-54,1847812,957524,890288,778498,273359,505139,1069314,684165,385149,254386,143174,111212,366350,211220,155130,126136,93196,32940,179378,133946,45432,95703,76888,18815
1855,21,000,State - ODISHA,Total,55-59,1483720,744291,739429,659548,204134,455414,824172,540157,284015,207815,115714,92101,279210,164070,115140,87316,67255,20061,143616,115974,27642,68565,57033,11532
1856,21,000,State - ODISHA,Total,60-64,1474061,737635,736426,784954,255814,529140,689107,481821,207286,216772,136870,79902,232460,153142,79318,59640,48415,11225,100303,86231,14072,42292,36189,6103
1857,21,000,State - ODISHA,Total,65-69,979525,487849,491676,547971,176224,371747,431554,311625,119929,156147,105532,50615,141499,98443,43056,30462,24825,5637,53130,46810,6320,23768,20960,2808
1858,21,000,State - ODISHA,Total,70-74,768070,380635,387435,461498,152486,309012,306572,228149,78423,123110,88864,34246,101366,74364,27002,17466,14367,3099,29396,26093,3303,13428,11954,1474
1859,21,000,State - ODISHA,Total,75-79,364800,183294,181506,211235,67700,143535,153565,115594,37971,63461,46610,16851,50059,37215,12844,8200,6776,1424,14592,13068,1524,6223,5522,701
1860,21,000,State - ODISHA,Total,80+,397992,204857,193135,237114,83906,153208,160878,120951,39927,64102,48894,15208,52001,39495,12506,9828,7228,2600,14437,11664,2773,6573,5365,1208
1861,21,000,State - ODISHA,Total,Age not stated,119171,61347,57824,41867,16772,25095,77304,44575,32729,12705,6566,6139,16086,8684,7402,11036,6316,4720,13412,8033,5379,5765,3720,2045
1862,21,000,State - ODISHA,Rural,All ages,34970562,17586203,17384359,13592647,5431651,8160996,21377915,12154552,9223363,5154817,2761589,2393228,6574302,3588993,2985309,4411216,2554590,1856626,3608295,2230560,1377735,899969,626900,273069
1863,21,000,State - ODISHA,Rural,0-6,4525870,2325832,2200038,4525870,2325832,2200038,0,0,0,0,0,0,0,0,0,0,0,0,0,0,0,0,0,0
1864,21,000,State - ODISHA,Rural,7,707591,356969,350622,219459,107752,111707,488132,249217,238915,478103,243578,234525,0,0,0,0,0,0,0,0,0,0,0,0
1865,21,000,State - ODISHA,Rural,8,731656,371645,360011,119066,57501,61565,612590,314144,298446,604672,309951,294721,0,0,0,0,0,0,0,0,0,0,0,0
1866,21,000,State - ODISHA,Rural,9,665994,336636,329358,68821,32108,36713,597173,304528,292645,532015,271418,260597,58372,29388,28984,0,0,0,0,0,0,0,0,0
1867,21,000,State - ODISHA,Rural,10,782284,399530,382754,87690,40805,46885,694594,358725,335869,419815,217774,202041,266219,136162,130057,0,0,0,0,0,0,0,0,0
1868,21,000,State - ODISHA,Rural,11,715742,364263,351479,53812,23796,30016,661930,340467,321463,166783,87019,79764,487591,249344,238247,0,0,0,0,0,0,0,0,0
1869,21,000,State - ODISHA,Rural,12,783706,398499,385207,68376,29078,39298,715330,369421,345909,88108,45941,42167,550304,283847,266457,68051,34993,33058,0,0,0,0,0,0
1870,21,000,State - ODISHA,Rural,13,713333,356242,357091,53963,21667,32296,659370,334575,324795,44434,22539,21895,374301,190488,183813,232302,117173,115129,0,0,0,0,0,0
1871,21,000,State - ODISHA,Rural,14,710331,354009,356322,59033,22803,36230,651298,331206,320092,35368,17604,17764,207147,106618,100529,398888,201759,197129,0,0,0,0,0,0
1872,21,000,State - ODISHA,Rural,15,732658,366479,366179,82540,31620,50920,650118,334859,315259,39177,19679,19498,156581,81823,74758,316597,163514,153083,125441,63403,62038,0,0,0
1873,21,000,State - ODISHA,Rural,16,644802,320852,323950,76688,27543,49145,568114,293309,274805,35607,17509,18098,131296,68185,63111,206691,107171,99520,182040,93957,88083,0,0,0
1874,21,000,State - ODISHA,Rural,17,566815,281802,285013,66474,22620,43854,500341,259182,241159,30465,14463,16002,112388,57871,54517,151074,77452,73622,194176,103085,91091,0,0,0
1875,21,000,State - ODISHA,Rural,18,746384,375829,370555,114938,37479,77459,631446,338350,293096,47252,23103,24149,159962,84735,75227,184145,98574,85571,221756,122333,99423,0,0,0
1876,21,000,State - ODISHA,Rural,19,549512,272027,277485,78316,23546,54770,471196,248481,222715,32162,15200,16962,109940,56290,53650,137269,72171,65098,177524,97556,79968,0,0,0
1877,21,000,State - ODISHA,Rural,20-24,3078847,1513663,1565184,556137,167228,388909,2522710,1346435,1176275,213319,100083,113236,625595,321331,304264,764099,414403,349696,698625,393085,305540,135686,74096,61590
1878,21,000,State - ODISHA,Rural,25-29,2918990,1446384,1472606,665646,212455,453191,2253344,1233929,1019415,254597,118838,135759,560608,288631,271977,601999,345515,256484,572841,331005,241836,178313,106073,72240
1879,21,000,State - ODISHA,Rural,30-34,2520189,1247203,1272986,712129,225253,486876,1808060,1021950,786110,267787,125953,141834,481724,245777,235947,384835,229185,155650,423481,264509,158972,179412,120235,59177
1880,21,000,State - ODISHA,Rural,35-39,2487391,1242592,1244799,857262,279377,577885,1630129,963215,666914,306730,155155,151575,483926,257766,226160,318037,202424,115613,305556,202349,103207,148354,110183,38171
1881,21,000,State - ODISHA,Rural,40-44,2196313,1126384,1069929,881045,305301,575744,1315268,821083,494185,294233,159023,135210,414653,233236,181417,233063,165572,67491,221061,155345,65716,94468,76151,18317
1882,21,000,State - ODISHA,Rural,45-49,1905599,982737,922862,841870,301570,540300,1063729,681167,382562,280440,159405,121035,372044,217550,154494,148410,110592,37818,154876,117281,37595,59076,49145,9931
1883,21,000,State - ODISHA,Rural,50-54,1516062,776529,739533,707971,251048,456923,808091,525481,282610,227630,131002,96628,304758,182478,122280,95814,74222,21592,104432,84908,19524,37208,31689,5519
1884,21,000,State - ODISHA,Rural,55-59,1235630,607411,628219,604454,188123,416331,631176,419288,211888,186559,106200,80359,232279,142331,89948,66693,53950,12743,88254,76913,11341,26763,23271,3492
1885,21,000,State - ODISHA,Rural,60-64,1269444,630692,638752,720712,236954,483758,548732,393738,154994,195402,126730,68672,193490,134134,59356,46379,39861,6518,64701,59579,5122,17286,15436,1850
1886,21,000,State - ODISHA,Rural,65-69,851670,421279,430391,506150,164559,341591,345520,256720,88800,140980,98230,42750,116046,85594,30452,23018,19865,3153,32956,30744,2212,10068,9206,862
1887,21,000,State - ODISHA,Rural,70-74,666519,329265,337254,421503,141100,280403,245016,188165,56851,110151,82034,28117,81800,63751,18049,12454,10857,1597,16554,15501,1053,5691,5192,499
1888,21,000,State - ODISHA,Rural,75-79,314077,157552,156525,192965,62821,130144,121112,94731,26381,56254,42961,13293,39663,31647,8016,5652,4959,693,7862,7398,464,2463,2243,220
1889,21,000,State - ODISHA,Rural,80+,337943,175428,162515,212771,76989,135782,125172,98439,26733,55913,44525,11388,40458,32781,7677,7017,5326,1691,7756,6446,1310,2659,2262,397
1890,21,000,State - ODISHA,Rural,Age not stated,95210,48470,46740,36986,14723,22263,58224,33747,24477,10861,5672,5189,13157,7235,5922,8729,5052,3677,8403,5163,3240,2522,1718,804
1891,21,000,State - ODISHA,Urban,All ages,7003656,3625933,3377723,1638976,690804,948172,5364680,2935129,2429551,731754,365181,366573,1140414,568334,572080,874027,481175,392852,1570267,891544,678723,883828,547284,336544
1892,21,000,State - ODISHA,Urban,0-6,747324,390665,356659,747324,390665,356659,0,0,0,0,0,0,0,0,0,0,0,0,0,0,0,0,0,0
1893,21,000,State - ODISHA,Urban,7,120533,62322,58211,23685,11999,11686,96848,50323,46525,94690,49072,45618,0,0,0,0,0,0,0,0,0,0,0,0
1894,21,000,State - ODISHA,Urban,8,118708,61865,56843,11105,5489,5616,107603,56376,51227,106169,55552,50617,0,0,0,0,0,0,0,0,0,0,0,0
1895,21,000,State - ODISHA,Urban,9,110121,57532,52589,6858,3362,3496,103263,54170,49093,89005,47033,41972,13118,6488,6630,0,0,0,0,0,0,0,0,0
1896,21,000,State - ODISHA,Urban,10,131322,68684,62638,9357,4584,4773,121965,64100,57865,67317,36198,31119,53006,27072,25934,0,0,0,0,0,0,0,0,0
1897,21,000,State - ODISHA,Urban,11,124191,64449,59742,5738,2850,2888,118453,61599,56854,24993,13598,11395,91849,47235,44614,0,0,0,0,0,0,0,0,0
1898,21,000,State - ODISHA,Urban,12,133093,68604,64489,6894,3277,3617,126199,65327,60872,11797,6412,5385,96145,49914,46231,16563,8273,8290,0,0,0,0,0,0
1899,21,000,State - ODISHA,Urban,13,126140,63995,62145,5537,2550,2987,120603,61445,59158,5638,2989,2649,62059,32376,29683,51165,25435,25730,0,0,0,0,0,0
1900,21,000,State - ODISHA,Urban,14,128483,65260,63223,6134,2622,3512,122349,62638,59711,4548,2416,2132,30868,16227,14641,85107,43268,41839,0,0,0,0,0,0
1901,21,000,State - ODISHA,Urban,15,136928,70404,66524,7999,3587,4412,128929,66817,62112,4774,2576,2198,20323,10902,9421,60090,31677,28413,41474,20674,20800,0,0,0
1902,21,000,State - ODISHA,Urban,16,130250,67183,63067,7763,3329,4434,122487,63854,58633,4355,2270,2085,16900,9150,7750,34051,18062,15989,64995,33275,31720,0,0,0
1903,21,000,State - ODISHA,Urban,17,125231,64937,60294,7223,3018,4205,118008,61919,56089,4126,2150,1976,14703,7932,6771,22958,12069,10889,74064,38638,35426,0,0,0
1904,21,000,State - ODISHA,Urban,18,160032,84669,75363,11728,4807,6921,148304,79862,68442,6110,3271,2839,21094,11751,9343,26872,14795,12077,90507,48195,42312,0,0,0
1905,21,000,State - ODISHA,Urban,19,132786,68502,64284,8540,3254,5286,124246,65248,58998,4374,2169,2205,15442,8238,7204,20961,11028,9933,79950,42166,37784,0,0,0
1906,21,000,State - ODISHA,Urban,20-24,704680,357276,347404,58652,20623,38029,646028,336653,309375,26594,12794,13800,88608,45483,43125,121362,64761,56601,263294,140598,122696,126475,63052,63423
1907,21,000,State - ODISHA,Urban,25-29,655047,326492,328555,69432,23595,45837,585615,302897,282718,30218,13283,16935,85324,41809,43515,103201,56046,47155,195567,103683,91884,151129,77969,73160
1908,21,000,State - ODISHA,Urban,30-34,582802,295030,287772,71962,23995,47967,510840,271035,239805,30535,12929,17606,78747,37627,41120,76007,41867,34140,164809,90625,74184,143626,79612,64014
1909,21,000,State - ODISHA,Urban,35-39,563797,286093,277704,85197,27238,57959,478600,258855,219745,35112,15214,19898,84029,39056,44973,70288,38806,31482,147203,81848,65355,125665,75986,49679
1910,21,000,State - ODISHA,Urban,40-44,495161,261536,233625,86356,28817,57539,408805,232719,176086,33833,15451,18382,76752,35963,40789,57147,33874,23273,128028,74111,53917,98965,66281,32684
1911,21,000,State - ODISHA,Urban,45-49,428431,229629,198802,82319,27065,55254,346112,202564,143548,32818,14934,17884,74067,34429,39638,43927,26928,16999,103030,62564,40466,80311,57770,22541
1912,21,000,State - ODISHA,Urban,50-54,331750,180995,150755,70527,22311,48216,261223,158684,102539,26756,12172,14584,61592,28742,32850,30322,18974,11348,74946,49038,25908,58495,45199,13296
1913,21,000,State - ODISHA,Urban,55-59,248090,136880,111210,55094,16011,39083,192996,120869,72127,21256,9514,11742,46931,21739,25192,20623,13305,7318,55362,39061,16301,41802,33762,8040
1914,21,000,State - ODISHA,Urban,60-64,204617,106943,97674,64242,18860,45382,140375,88083,52292,21370,10140,11230,38970,19008,19962,13261,8554,4707,35602,26652,8950,25006,20753,4253
1915,21,000,State - ODISHA,Urban,65-69,127855,66570,61285,41821,11665,30156,86034,54905,31129,15167,7302,7865,25453,12849,12604,7444,4960,2484,20174,16066,4108,13700,11754,1946
1916,21,000,State - ODISHA,Urban,70-74,101551,51370,50181,39995,11386,28609,61556,39984,21572,12959,6830,6129,19566,10613,8953,5012,3510,1502,12842,10592,2250,7737,6762,975
1917,21,000,State - ODISHA,Urban,75-79,50723,25742,24981,18270,4879,13391,32453,20863,11590,7207,3649,3558,10396,5568,4828,2548,1817,731,6730,5670,1060,3760,3279,481
1918,21,000,State - ODISHA,Urban,80+,60049,29429,30620,24343,6917,17426,35706,22512,13194,8189,4369,3820,11543,6714,4829,2811,1902,909,6681,5218,1463,3914,3103,811
1919,21,000,State - ODISHA,Urban,Age not stated,23961,12877,11084,4881,2049,2832,19080,10828,8252,1844,894,950,2929,1449,1480,2307,1264,1043,5009,2870,2139,3243,2002,1241
1920,22,000,State - CHHATTISGARH,Total,All ages,25545198,12832895,12712303,10165276,4025002,6140274,15379922,8807893,6572029,3687369,2011523,1675846,4192144,2267581,1924563,3202404,1825488,1376916,2856326,1815791,1040535,1018853,659081,359772
1921,22,000,State - CHHATTISGARH,Total,0-6,3661689,1859935,1801754,3661689,1859935,1801754,0,0,0,0,0,0,0,0,0,0,0,0,0,0,0,0,0,0
1922,22,000,State - CHHATTISGARH,Total,7,539435,273006,266429,170347,84596,85751,369088,188410,180678,361378,184007,177371,0,0,0,0,0,0,0,0,0,0,0,0
1923,22,000,State - CHHATTISGARH,Total,8,573965,292487,281478,79954,38765,41189,494011,253722,240289,489678,251237,238441,0,0,0,0,0,0,0,0,0,0,0,0
1924,22,000,State - CHHATTISGARH,Total,9,524734,265621,259113,43701,20889,22812,481033,244732,236301,458558,233333,225225,19245,9575,9670,0,0,0,0,0,0,0,0,0
1925,22,000,State - CHHATTISGARH,Total,10,642376,328502,313874,54918,26445,28473,587458,302057,285401,481178,248234,232944,102374,51554,50820,0,0,0,0,0,0,0,0,0
1926,22,000,State - CHHATTISGARH,Total,11,570607,290403,280204,30434,13942,16492,540173,276461,263712,251954,130616,121338,285080,144095,140985,0,0,0,0,0,0,0,0,0
1927,22,000,State - CHHATTISGARH,Total,12,590890,299695,291195,39390,17282,22108,551500,282413,269087,122302,64233,58069,405594,205812,199782,19892,10306,9586,0,0,0,0,0,0
1928,22,000,State - CHHATTISGARH,Total,13,534300,267634,266666,30854,12730,18124,503446,254904,248542,52977,27576,25401,375943,190117,185826,70964,35235,35729,0,0,0,0,0,0
1929,22,000,State - CHHATTISGARH,Total,14,545840,274951,270889,35713,14563,21150,510127,260388,249739,35589,18693,16896,261092,134673,126419,209226,104756,104470,0,0,0,0,0,0
1930,22,000,State - CHHATTISGARH,Total,15,549690,279910,269780,48830,19787,29043,500860,260123,240737,32276,17231,15045,151202,81156,70046,263470,134843,128627,48476,23885,24591,0,0,0
1931,22,000,State - CHHATTISGARH,Total,16,541224,273513,267711,47514,18424,29090,493710,255089,238621,29406,14920,14486,100495,54083,46412,229524,118656,110868,128022,64048,63974,0,0,0
1932,22,000,State - CHHATTISGARH,Total,17,473687,241275,232412,39918,14720,25198,433769,226555,207214,23995,12191,11804,73613,39601,34012,160579,84338,76241,168923,86849,82074,0,0,0
1933,22,000,State - CHHATTISGARH,Total,18,586627,301756,284871,68531,24265,44266,518096,277491,240605,34222,17657,16565,99549,53105,46444,164200,88620,75580,209591,112506,97085,0,0,0
1934,22,000,State - CHHATTISGARH,Total,19,448614,222997,225617,49083,14874,34209,399531,208123,191408,23542,11592,11950,76219,37474,38745,117366,60870,56496,173696,93803,79893,0,0,0
1935,22,000,State - CHHATTISGARH,Total,20-24,2389497,1193378,1196119,372095,108881,263214,2017402,1084497,932905,136572,66317,70255,473259,231318,241941,562125,305665,256460,639818,376404,263414,150074,76079,73995
1936,22,000,State - CHHATTISGARH,Total,25-29,2057300,1049238,1008062,457448,141672,315776,1599852,907566,692286,133895,65841,68054,406850,210488,196362,427381,246166,181215,366463,234513,131950,211968,122296,89672
1937,22,000,State - CHHATTISGARH,Total,30-34,1815058,898023,917035,543876,156133,387743,1271182,741890,529292,139822,67320,72502,305613,156737,148876,308692,183606,125086,293586,198190,95396,178354,112816,65538
1938,22,000,State - CHHATTISGARH,Total,35-39,1779414,891265,888149,677656,202333,475323,1101758,688932,412826,153672,82647,71025,269532,151287,118245,236169,150205,85964,253923,183545,70378,145069,98236,46833
1939,22,000,State - CHHATTISGARH,Total,40-44,1576553,796402,780151,720429,231523,488906,856124,564879,291245,149444,89693,59751,210041,125534,84507,152230,102301,49929,194096,147216,46880,112463,79705,32758
1940,22,000,State - CHHATTISGARH,Total,45-49,1334374,692974,641400,677222,240579,436643,657152,452395,204757,143139,96232,46907,178312,116299,62013,94232,64765,29467,126752,96182,30570,83373,61099,22274
1941,22,000,State - CHHATTISGARH,Total,50-54,992947,510326,482621,531312,187503,343809,461635,322823,138812,107170,73098,34072,132021,88528,43493,63500,44863,18637,82658,62529,20129,53652,41045,12607
1942,22,000,State - CHHATTISGARH,Total,55-59,789353,389338,400015,440726,139504,301222,348627,249834,98793,83497,56866,26631,98985,67960,31025,48865,36266,12599,65693,51868,13825,34304,27204,7100
1943,22,000,State - CHHATTISGARH,Total,60-64,743742,348956,394786,467528,147546,319982,276214,201410,74804,80263,56480,23783,76508,53635,22873,32263,24098,8165,48749,40037,8712,22949,18619,4330
1944,22,000,State - CHHATTISGARH,Total,65-69,533810,244336,289474,355263,110890,244373,178547,133446,45101,66354,49943,16411,42076,30584,11492,19384,14354,5030,27495,22107,5388,12339,10291,2048
1945,22,000,State - CHHATTISGARH,Total,70-74,373000,174249,198751,263862,89965,173897,109138,84284,24854,48176,38291,9885,22793,16788,6005,9680,7378,2302,13786,11367,2419,7144,6099,1045
1946,22,000,State - CHHATTISGARH,Total,75-79,166578,75545,91033,117312,37874,79438,49266,37671,11595,22869,18098,4771,9917,7200,2717,4012,2902,1110,5855,4767,1088,3189,2750,439
1947,22,000,State - CHHATTISGARH,Total,80+,186779,85073,101706,131491,46013,85478,55288,39060,16228,22492,17593,4899,12741,8310,4431,6496,4067,2429,6390,4541,1849,2818,2109,709
1948,22,000,State - CHHATTISGARH,Total,Age not stated,23115,12107,11008,8180,3369,4811,14935,8738,6197,2949,1584,1365,3090,1668,1422,2154,1228,926,2354,1434,920,1157,733,424
1949,22,000,State - CHHATTISGARH,Rural,All ages,19607961,9797426,9810535,8599005,3394414,5204591,11008956,6403012,4605944,2983774,1642972,1340802,3271118,1790520,1480598,2443110,1421517,1021593,1652897,1114762,538135,336785,256863,79922
1950,22,000,State - CHHATTISGARH,Rural,0-6,2924941,1479586,1445355,2924941,1479586,1445355,0,0,0,0,0,0,0,0,0,0,0,0,0,0,0,0,0,0
1951,22,000,State - CHHATTISGARH,Rural,7,426476,215027,211449,146260,72285,73975,280216,142742,137474,274315,139396,134919,0,0,0,0,0,0,0,0,0,0,0,0
1952,22,000,State - CHHATTISGARH,Rural,8,461310,233876,227434,70848,34108,36740,390462,199768,190694,386999,197800,189199,0,0,0,0,0,0,0,0,0,0,0,0
1953,22,000,State - CHHATTISGARH,Rural,9,421397,212102,209295,38576,18239,20337,382821,193863,188958,367763,186116,181647,12444,6293,6151,0,0,0,0,0,0,0,0,0
1954,22,000,State - CHHATTISGARH,Rural,10,515851,262420,253431,48109,22885,25224,467742,239535,228207,394441,202252,192189,70147,35472,34675,0,0,0,0,0,0,0,0,0
1955,22,000,State - CHHATTISGARH,Rural,11,455140,230619,224521,26757,12085,14672,428383,218534,209849,212298,109293,103005,213554,107851,105703,0,0,0,0,0,0,0,0,0
1956,22,000,State - CHHATTISGARH,Rural,12,470643,237551,233092,35166,15230,19936,435477,222321,213156,103333,53735,49598,316941,160435,156506,12146,6475,5671,0,0,0,0,0,0
1957,22,000,State - CHHATTISGARH,Rural,13,420147,209475,210672,27289,11014,16275,392858,198461,194397,44436,22904,21532,301065,151605,149460,44465,22380,22085,0,0,0,0,0,0
1958,22,000,State - CHHATTISGARH,Rural,14,427846,215009,212837,31667,12662,19005,396179,202347,193832,29683,15332,14351,216291,111106,105185,146760,74070,72690,0,0,0,0,0,0
1959,22,000,State - CHHATTISGARH,Rural,15,429113,217719,211394,43483,17385,26098,385630,200334,185296,26810,14088,12722,125026,66718,58308,202013,103307,98706,27352,13799,13553,0,0,0
1960,22,000,State - CHHATTISGARH,Rural,16,420916,211746,209170,42277,16043,26234,378639,195703,182936,24339,11985,12354,82119,43750,38369,186523,96164,90359,80537,41113,39424,0,0,0
1961,22,000,State - CHHATTISGARH,Rural,17,360911,183115,177796,35272,12739,22533,325639,170376,155263,19482,9591,9891,59190,31261,27929,132227,68996,63231,109371,57708,51663,0,0,0
1962,22,000,State - CHHATTISGARH,Rural,18,450790,230617,220173,60958,21050,39908,389832,209567,180265,27956,13950,14006,80352,41784,38568,136146,73212,62934,136881,76143,60738,0,0,0
1963,22,000,State - CHHATTISGARH,Rural,19,336321,166137,170184,43311,12744,30567,293010,153393,139617,18934,9021,9913,61224,29104,32120,96816,50010,46806,109091,61760,47331,0,0,0
1964,22,000,State - CHHATTISGARH,Rural,20-24,1773929,885162,888767,328126,94762,233364,1445803,790400,655403,111916,53303,58613,380050,182420,197630,452668,248877,203791,404092,251510,152582,54250,32076,22174
1965,22,000,State - CHHATTISGARH,Rural,25-29,1508182,770527,737655,400655,124270,276385,1107527,646257,461270,109485,54073,55412,323815,167700,156115,334064,196669,137395,220798,151729,69069,80205,54990,25215
1966,22,000,State - CHHATTISGARH,Rural,30-34,1340001,656456,683545,476305,137551,338754,863696,518905,344791,114953,55999,58954,242216,125408,116808,238540,145925,92615,167849,123279,44570,66561,50975,15586
1967,22,000,State - CHHATTISGARH,Rural,35-39,1329416,663342,666074,590574,178764,411810,738842,484578,254264,126329,69576,56753,210096,122054,88042,177660,119120,58540,140624,113281,27343,51526,42899,8627
1968,22,000,State - CHHATTISGARH,Rural,40-44,1179152,590214,588938,627015,204734,422281,552137,385480,166657,122873,76199,46674,159325,100321,59004,107575,77665,29910,99916,85758,14158,33874,29725,4149
1969,22,000,State - CHHATTISGARH,Rural,45-49,998323,516444,481879,587023,213482,373541,411300,302962,108338,117253,82057,35196,132272,92646,39626,60906,46246,14660,56402,49326,7076,20799,18733,2066
1970,22,000,State - CHHATTISGARH,Rural,50-54,741578,376646,364932,459126,166501,292625,282452,210145,72307,87312,62130,25182,96385,69718,26667,39190,30648,8542,31428,27464,3964,11313,10372,941
1971,22,000,State - CHHATTISGARH,Rural,55-59,603044,290945,312099,383750,124416,259334,219294,166529,52765,68363,48791,19572,73053,54195,18858,31157,25473,5684,26580,23852,2728,7222,6753,469
1972,22,000,State - CHHATTISGARH,Rural,60-64,588321,273504,314817,408306,132701,275605,180015,140803,39212,65342,48688,16654,55755,42958,12797,20092,16999,3093,21591,20199,1392,5479,5205,274
1973,22,000,State - CHHATTISGARH,Rural,65-69,429402,195192,234210,311820,100239,211581,117582,94953,22629,53858,43254,10604,29376,23925,5451,11815,9822,1993,11264,10216,1048,2872,2730,142
1974,22,000,State - CHHATTISGARH,Rural,70-74,299448,139047,160401,229786,80922,148864,69662,58125,11537,38425,32627,5798,14582,12153,2429,5230,4580,650,4353,3997,356,1390,1312,78
1975,22,000,State - CHHATTISGARH,Rural,75-79,132135,58945,73190,102397,34155,68242,29738,24790,4948,17632,15088,2544,5710,4810,900,1879,1584,295,1429,1275,154,514,483,31
1976,22,000,State - CHHATTISGARH,Rural,80+,149241,68761,80480,113402,41505,71897,35839,27256,8583,17365,14718,2647,8235,5797,2438,3983,2569,1414,2449,1752,697,581,463,118
1977,22,000,State - CHHATTISGARH,Rural,Age not stated,13987,7242,6745,5806,2357,3449,8181,4885,3296,1879,1006,873,1895,1036,859,1255,726,529,890,601,289,199,147,52
1978,22,000,State - CHHATTISGARH,Urban,All ages,5937237,3035469,2901768,1566271,630588,935683,4370966,2404881,1966085,703595,368551,335044,921026,477061,443965,759294,403971,355323,1203429,701029,502400,682068,402218,279850
1979,22,000,State - CHHATTISGARH,Urban,0-6,736748,380349,356399,736748,380349,356399,0,0,0,0,0,0,0,0,0,0,0,0,0,0,0,0,0,0
1980,22,000,State - CHHATTISGARH,Urban,7,112959,57979,54980,24087,12311,11776,88872,45668,43204,87063,44611,42452,0,0,0,0,0,0,0,0,0,0,0,0
1981,22,000,State - CHHATTISGARH,Urban,8,112655,58611,54044,9106,4657,4449,103549,53954,49595,102679,53437,49242,0,0,0,0,0,0,0,0,0,0,0,0
1982,22,000,State - CHHATTISGARH,Urban,9,103337,53519,49818,5125,2650,2475,98212,50869,47343,90795,47217,43578,6801,3282,3519,0,0,0,0,0,0,0,0,0
1983,22,000,State - CHHATTISGARH,Urban,10,126525,66082,60443,6809,3560,3249,119716,62522,57194,86737,45982,40755,32227,16082,16145,0,0,0,0,0,0,0,0,0
1984,22,000,State - CHHATTISGARH,Urban,11,115467,59784,55683,3677,1857,1820,111790,57927,53863,39656,21323,18333,71526,36244,35282,0,0,0,0,0,0,0,0,0
1985,22,000,State - CHHATTISGARH,Urban,12,120247,62144,58103,4224,2052,2172,116023,60092,55931,18969,10498,8471,88653,45377,43276,7746,3831,3915,0,0,0,0,0,0
1986,22,000,State - CHHATTISGARH,Urban,13,114153,58159,55994,3565,1716,1849,110588,56443,54145,8541,4672,3869,74878,38512,36366,26499,12855,13644,0,0,0,0,0,0
1987,22,000,State - CHHATTISGARH,Urban,14,117994,59942,58052,4046,1901,2145,113948,58041,55907,5906,3361,2545,44801,23567,21234,62466,30686,31780,0,0,0,0,0,0
1988,22,000,State - CHHATTISGARH,Urban,15,120577,62191,58386,5347,2402,2945,115230,59789,55441,5466,3143,2323,26176,14438,11738,61457,31536,29921,21124,10086,11038,0,0,0
1989,22,000,State - CHHATTISGARH,Urban,16,120308,61767,58541,5237,2381,2856,115071,59386,55685,5067,2935,2132,18376,10333,8043,43001,22492,20509,47485,22935,24550,0,0,0
1990,22,000,State - CHHATTISGARH,Urban,17,112776,58160,54616,4646,1981,2665,108130,56179,51951,4513,2600,1913,14423,8340,6083,28352,15342,13010,59552,29141,30411,0,0,0
1991,22,000,State - CHHATTISGARH,Urban,18,135837,71139,64698,7573,3215,4358,128264,67924,60340,6266,3707,2559,19197,11321,7876,28054,15408,12646,72710,36363,36347,0,0,0
1992,22,000,State - CHHATTISGARH,Urban,19,112293,56860,55433,5772,2130,3642,106521,54730,51791,4608,2571,2037,14995,8370,6625,20550,10860,9690,64605,32043,32562,0,0,0
1993,22,000,State - CHHATTISGARH,Urban,20-24,615568,308216,307352,43969,14119,29850,571599,294097,277502,24656,13014,11642,93209,48898,44311,109457,56788,52669,235726,124894,110832,95824,44003,51821
1994,22,000,State - CHHATTISGARH,Urban,25-29,549118,278711,270407,56793,17402,39391,492325,261309,231016,24410,11768,12642,83035,42788,40247,93317,49497,43820,145665,82784,62881,131763,67306,64457
1995,22,000,State - CHHATTISGARH,Urban,30-34,475057,241567,233490,67571,18582,48989,407486,222985,184501,24869,11321,13548,63397,31329,32068,70152,37681,32471,125737,74911,50826,111793,61841,49952
1996,22,000,State - CHHATTISGARH,Urban,35-39,449998,227923,222075,87082,23569,63513,362916,204354,158562,27343,13071,14272,59436,29233,30203,58509,31085,27424,113299,70264,43035,93543,55337,38206
1997,22,000,State - CHHATTISGARH,Urban,40-44,397401,206188,191213,93414,26789,66625,303987,179399,124588,26571,13494,13077,50716,25213,25503,44655,24636,20019,94180,61458,32722,78589,49980,28609
1998,22,000,State - CHHATTISGARH,Urban,45-49,336051,176530,159521,90199,27097,63102,245852,149433,96419,25886,14175,11711,46040,23653,22387,33326,18519,14807,70350,46856,23494,62574,42366,20208
1999,22,000,State - CHHATTISGARH,Urban,50-54,251369,133680,117689,72186,21002,51184,179183,112678,66505,19858,10968,8890,35636,18810,16826,24310,14215,10095,51230,35065,16165,42339,30673,11666
2000,22,000,State - CHHATTISGARH,Urban,55-59,186309,98393,87916,56976,15088,41888,129333,83305,46028,15134,8075,7059,25932,13765,12167,17708,10793,6915,39113,28016,11097,27082,20451,6631
2001,22,000,State - CHHATTISGARH,Urban,60-64,155421,75452,79969,59222,14845,44377,96199,60607,35592,14921,7792,7129,20753,10677,10076,12171,7099,5072,27158,19838,7320,17470,13414,4056
2002,22,000,State - CHHATTISGARH,Urban,65-69,104408,49144,55264,43443,10651,32792,60965,38493,22472,12496,6689,5807,12700,6659,6041,7569,4532,3037,16231,11891,4340,9467,7561,1906
2003,22,000,State - CHHATTISGARH,Urban,70-74,73552,35202,38350,34076,9043,25033,39476,26159,13317,9751,5664,4087,8211,4635,3576,4450,2798,1652,9433,7370,2063,5754,4787,967
2004,22,000,State - CHHATTISGARH,Urban,75-79,34443,16600,17843,14915,3719,11196,19528,12881,6647,5237,3010,2227,4207,2390,1817,2133,1318,815,4426,3492,934,2675,2267,408
2005,22,000,State - CHHATTISGARH,Urban,80+,37538,16312,21226,18089,4508,13581,19449,11804,7645,5127,2875,2252,4506,2513,1993,2513,1498,1015,3941,2789,1152,2237,1646,591
2006,22,000,State - CHHATTISGARH,Urban,Age not stated,9128,4865,4263,2374,1012,1362,6754,3853,2901,1070,578,492,1195,632,563,899,502,397,1464,833,631,958,586,372
2007,23,000,State - MADHYA PRADESH,Total,All ages,72626809,37612306,35014503,29775640,12437978,17337662,42851169,25174328,17676841,9582214,5242949,4339265,11878241,6640472,5237769,8431000,5094579,3336421,7744058,5009908,2734150,3222802,2051127,1171675
2008,23,000,State - MADHYA PRADESH,Total,0-6,10809395,5636172,5173223,10809395,5636172,5173223,0,0,0,0,0,0,0,0,0,0,0,0,0,0,0,0,0,0
2009,23,000,State - MADHYA PRADESH,Total,7,1611608,833279,778329,451689,231135,220554,1159919,602144,557775,1132922,586611,546311,0,0,0,0,0,0,0,0,0,0,0,0
2010,23,000,State - MADHYA PRADESH,Total,8,1794192,930043,864149,255144,128581,126563,1539048,801462,737586,1518754,789944,728810,0,0,0,0,0,0,0,0,0,0,0,0
2011,23,000,State - MADHYA PRADESH,Total,9,1522546,784446,738100,145899,72231,73668,1376647,712215,664432,1243830,644646,599184,117407,58904,58503,0,0,0,0,0,0,0,0,0
2012,23,000,State - MADHYA PRADESH,Total,10,1981094,1030242,950852,199630,99464,100166,1781464,930778,850686,1255755,653264,602491,505628,266032,239596,0,0,0,0,0,0,0,0,0
2013,23,000,State - MADHYA PRADESH,Total,11,1619727,835981,783746,112118,54673,57445,1507609,781308,726301,599913,320577,279336,891714,451776,439938,0,0,0,0,0,0,0,0,0
2014,23,000,State - MADHYA PRADESH,Total,12,1819616,948499,871117,140782,67146,73636,1678834,881353,797481,360295,190600,169695,1192273,621941,570332,106848,58043,48805,0,0,0,0,0,0
2015,23,000,State - MADHYA PRADESH,Total,13,1551079,798035,753044,107927,48897,59030,1443152,749138,694014,177606,97706,79900,964886,493967,470919,282575,147721,134854,0,0,0,0,0,0
2016,23,000,State - MADHYA PRADESH,Total,14,1592985,826572,766413,128918,58309,70609,1464067,768263,695804,114645,59267,55378,683271,359296,323975,643773,337912,305861,0,0,0,0,0,0
2017,23,000,State - MADHYA PRADESH,Total,15,1613080,858450,754630,164512,76032,88480,1448568,782418,666150,100811,54292,46519,445984,237136,208848,690019,375578,314441,181691,99241,82450,0,0,0
2018,23,000,State - MADHYA PRADESH,Total,16,1551453,827357,724096,168531,74836,93695,1382922,752521,630401,101596,55261,46335,320018,171121,148897,562457,306641,255816,364940,201506,163434,0,0,0
2019,23,000,State - MADHYA PRADESH,Total,17,1293143,694205,598938,137274,57039,80235,1155869,637166,518703,64277,34806,29471,220623,120030,100593,396002,219034,176968,442367,245949,196418,0,0,0
2020,23,000,State - MADHYA PRADESH,Total,18,1741842,943897,797945,263317,101399,161918,1478525,842498,636027,99508,57456,42052,304378,169918,134460,440467,247242,193225,579589,338240,241349,0,0,0
2021,23,000,State - MADHYA PRADESH,Total,19,1247271,656163,591108,182231,59190,123041,1065040,596973,468067,59521,31463,28058,208487,112813,95674,289172,160965,128207,467153,270359,196794,0,0,0
2022,23,000,State - MADHYA PRADESH,Total,20-24,6727579,3554088,3173491,1393518,453809,939709,5334061,3100279,2233782,353748,191275,162473,1180747,644525,536222,1354138,807857,546281,1630335,1012092,618243,554479,301184,253295
2023,23,000,State - MADHYA PRADESH,Total,25-29,5787506,2988325,2799181,1634163,534120,1100043,4153343,2454205,1699138,337353,179012,158341,1003981,554075,449906,969502,598345,371157,950077,609112,340965,634389,370332,264057
2024,23,000,State - MADHYA PRADESH,Total,30-34,5214960,2650705,2564255,1795825,579968,1215857,3419135,2070737,1348398,335111,178892,156219,844609,469657,374952,751591,481262,270329,759745,506067,253678,502359,309099,193260
2025,23,000,State - MADHYA PRADESH,Total,35-39,4861671,2493464,2368207,1942073,645375,1296698,2919598,1848089,1071509,329506,186598,142908,742141,435391,306750,601547,402437,199110,650486,453696,196790,393319,254328,138991
2026,23,000,State - MADHYA PRADESH,Total,40-44,4214474,2193888,2020586,1878511,659510,1219001,2335963,1534378,801585,301498,181841,119657,590329,360759,229570,423063,294714,128349,521969,376509,145460,328311,220070,108241
2027,23,000,State - MADHYA PRADESH,Total,45-49,3522961,1838798,1684163,1693363,605426,1087937,1829598,1233372,596226,266317,171772,94545,484510,310781,173729,291852,204366,87486,379379,276324,103055,269848,187736,82112
2028,23,000,State - MADHYA PRADESH,Total,50-54,2694372,1446522,1247850,1347686,510457,837229,1346686,936065,410621,207165,139125,68040,367578,247532,120046,210575,151884,58691,265041,194056,70985,195090,141061,54029
2029,23,000,State - MADHYA PRADESH,Total,55-59,2058077,1030243,1027834,1100238,359925,740313,957839,670318,287521,151689,100221,51468,254616,169629,84987,145605,105489,40116,201479,153305,48174,130479,97512,32967
2030,23,000,State - MADHYA PRADESH,Total,60-64,1987410,989463,997947,1191097,420706,770391,796313,568757,227556,150569,103792,46777,221497,151144,70353,109906,79618,30288,152177,120014,32163,92447,71866,20581
2031,23,000,State - MADHYA PRADESH,Total,65-69,1427061,680005,747056,912118,307746,604372,514943,372259,142684,116337,83503,32834,136621,95213,41408,67646,48036,19610,91808,72676,19132,53816,43802,10014
2032,23,000,State - MADHYA PRADESH,Total,70-74,1107421,545246,562175,764245,288909,475336,343176,256337,86839,91799,69165,22634,90930,66795,24135,40266,30435,9831,48943,39434,9509,33179,27385,5794
2033,23,000,State - MADHYA PRADESH,Total,75-79,523355,244807,278548,359224,124543,234681,164131,120264,43867,47248,35364,11884,41614,29639,11975,19161,14071,5090,22246,17335,4911,15612,13169,2443
2034,23,000,State - MADHYA PRADESH,Total,80+,668069,310035,358034,464737,168483,296254,203332,141552,61780,55803,41850,13953,54819,37344,17475,27371,18661,8710,25797,18602,7195,14266,10520,3746
2035,23,000,State - MADHYA PRADESH,Total,Age not stated,82862,43376,39486,31475,13897,17578,51387,29479,21908,8638,4646,3992,9580,5054,4526,7464,4268,3196,8836,5391,3445,5208,3063,2145
2036,23,000,State - MADHYA PRADESH,Rural,All ages,52557404,27149388,25408016,24275418,10094406,14181012,28281986,17054982,11227004,7479650,4119981,3359669,8840409,5042491,3797918,5854741,3683782,2170959,3866093,2740477,1125616,835601,640936,194665
2037,23,000,State - MADHYA PRADESH,Rural,0-6,8325731,4329993,3995738,8325731,4329993,3995738,0,0,0,0,0,0,0,0,0,0,0,0,0,0,0,0,0,0
2038,23,000,State - MADHYA PRADESH,Rural,7,1225059,630495,594564,364842,185932,178910,860217,444563,415654,840793,433401,407392,0,0,0,0,0,0,0,0,0,0,0,0
2039,23,000,State - MADHYA PRADESH,Rural,8,1395824,718948,676876,213213,106793,106420,1182611,612155,570456,1167247,603508,563739,0,0,0,0,0,0,0,0,0,0,0,0
2040,23,000,State - MADHYA PRADESH,Rural,9,1164521,595003,569518,119147,58450,60697,1045374,536553,508821,951493,488724,462769,82310,41364,40946,0,0,0,0,0,0,0,0,0
2041,23,000,State - MADHYA PRADESH,Rural,10,1523856,786305,737551,163405,80559,82846,1360451,705746,654705,979741,504136,475605,365660,193116,172544,0,0,0,0,0,0,0,0,0
2042,23,000,State - MADHYA PRADESH,Rural,11,1223336,626084,597252,90893,43528,47365,1132443,582556,549887,473977,250100,223877,646615,325952,320663,0,0,0,0,0,0,0,0,0
2043,23,000,State - MADHYA PRADESH,Rural,12,1390806,719800,671006,117799,55169,62630,1273007,664631,608376,292644,152454,140190,900481,467693,432788,65061,36425,28636,0,0,0,0,0,0
2044,23,000,State - MADHYA PRADESH,Rural,13,1158366,593136,565230,88852,39274,49578,1069514,553862,515652,143483,77752,65731,740619,376703,363916,171728,92158,79570,0,0,0,0,0,0
2045,23,000,State - MADHYA PRADESH,Rural,14,1184671,612776,571895,107537,47576,59961,1077134,565200,511934,93706,47381,46325,545221,284301,260920,420861,224521,196340,0,0,0,0,0,0
2046,23,000,State - MADHYA PRADESH,Rural,15,1190005,632822,557183,137406,62081,75325,1052599,570741,481858,83320,43857,39463,359956,189688,170268,494976,271791,223185,90663,52922,37741,0,0,0
2047,23,000,State - MADHYA PRADESH,Rural,16,1136887,606419,530468,141595,61126,80469,995292,545293,449999,83190,44410,38780,257903,136427,121476,431933,236207,195726,195545,114318,81227,0,0,0
2048,23,000,State - MADHYA PRADESH,Rural,17,911781,490475,421306,113864,45147,68717,797917,445328,352589,51868,27218,24650,173611,93178,80433,309620,171660,137960,237657,140035,97622,0,0,0
2049,23,000,State - MADHYA PRADESH,Rural,18,1256756,680746,576010,223319,81711,141608,1033437,599035,434402,81103,45542,35561,240458,132462,107996,347754,197017,150737,321735,201183,120552,0,0,0
2050,23,000,State - MADHYA PRADESH,Rural,19,864291,451885,412406,153979,46670,107309,710312,405215,305097,47767,24342,23425,162626,86139,76487,225265,126744,98521,244087,152025,92062,0,0,0
2051,23,000,State - MADHYA PRADESH,Rural,20-24,4678759,2481628,2197131,1189205,373857,815348,3489554,2107771,1381783,290087,154450,135637,914732,498756,415976,1015995,626840,389155,897067,602387,294680,180878,118301,62577
2052,23,000,State - MADHYA PRADESH,Rural,25-29,3990858,2067454,1923404,1394478,450633,943845,2596380,1616821,979559,278290,149001,129289,762680,429444,333236,683059,444342,238717,501474,353755,147719,192449,137797,54652
2053,23,000,State - MADHYA PRADESH,Rural,30-34,3638969,1841507,1797462,1531771,493321,1038450,2107198,1348186,759012,275915,150225,125690,633879,364063,269816,517890,352525,165365,382458,283990,98468,140111,106911,33200
2054,23,000,State - MADHYA PRADESH,Rural,35-39,3407607,1750469,1657138,1642113,549640,1092473,1765494,1200829,564665,267256,156750,110506,539872,334590,205282,399449,290025,109424,316641,252791,63850,101173,82398,18775
2055,23,000,State - MADHYA PRADESH,Rural,40-44,2937258,1527419,1409839,1582722,563282,1019440,1354536,964137,390399,242004,152134,89870,415820,272150,143670,264868,203063,61805,237951,199142,38809,76130,64796,11334
2056,23,000,State - MADHYA PRADESH,Rural,45-49,2425510,1260719,1164791,1420827,519011,901816,1004683,741708,262975,210584,142973,67611,328938,230272,98666,166378,131013,35365,152901,131701,21200,53272,46818,6454
2057,23,000,State - MADHYA PRADESH,Rural,50-54,1847524,988058,859466,1127033,439502,687531,720491,548556,171935,162269,115346,46923,248111,183144,64967,116690,95104,21586,93375,81330,12045,33194,29885,3309
2058,23,000,State - MADHYA PRADESH,Rural,55-59,1437113,704014,733099,925718,311730,613988,511395,392284,119111,117565,83522,34043,170453,126560,43893,80933,67045,13888,72094,64570,7524,21414,19609,1805
2059,23,000,State - MADHYA PRADESH,Rural,60-64,1437170,711867,725303,997991,365959,632032,439179,345908,93271,114392,85666,28726,145207,112017,33190,59076,49840,9236,56603,52354,4249,16103,15082,1021
2060,23,000,State - MADHYA PRADESH,Rural,65-69,1054385,497698,556687,767183,268654,498529,287202,229044,58158,87155,68806,18349,87197,69745,17452,35723,29291,6432,33423,30362,3061,10041,9504,537
2061,23,000,State - MADHYA PRADESH,Rural,70-74,826774,408168,418606,636451,251645,384806,190323,156523,33800,66747,55430,11317,56052,47005,9047,20180,17560,2620,15225,13965,1260,5580,5282,298
2062,23,000,State - MADHYA PRADESH,Rural,75-79,384851,178514,206337,299139,108496,190643,85712,70018,15694,32831,27585,5246,23759,19920,3839,8870,7621,1249,5667,4980,687,2171,2059,112
2063,23,000,State - MADHYA PRADESH,Rural,80+,491426,232111,259315,377563,145120,232443,113863,86991,26872,38612,32200,6412,32602,24748,7854,14618,10706,3912,8545,6604,1941,2269,1897,372
2064,23,000,State - MADHYA PRADESH,Rural,Age not stated,47310,24875,22435,21642,9547,12095,25668,15328,10340,5611,3068,2543,5647,3054,2593,3814,2284,1530,2982,2063,919,816,597,219
2065,23,000,State - MADHYA PRADESH,Urban,All ages,20069405,10462918,9606487,5500222,2343572,3156650,14569183,8119346,6449837,2102564,1122968,979596,3037832,1597981,1439851,2576259,1410797,1165462,3877965,2269431,1608534,2387201,1410191,977010
2066,23,000,State - MADHYA PRADESH,Urban,0-6,2483664,1306179,1177485,2483664,1306179,1177485,0,0,0,0,0,0,0,0,0,0,0,0,0,0,0,0,0,0
2067,23,000,State - MADHYA PRADESH,Urban,7,386549,202784,183765,86847,45203,41644,299702,157581,142121,292129,153210,138919,0,0,0,0,0,0,0,0,0,0,0,0
2068,23,000,State - MADHYA PRADESH,Urban,8,398368,211095,187273,41931,21788,20143,356437,189307,167130,351507,186436,165071,0,0,0,0,0,0,0,0,0,0,0,0
2069,23,000,State - MADHYA PRADESH,Urban,9,358025,189443,168582,26752,13781,12971,331273,175662,155611,292337,155922,136415,35097,17540,17557,0,0,0,0,0,0,0,0,0
2070,23,000,State - MADHYA PRADESH,Urban,10,457238,243937,213301,36225,18905,17320,421013,225032,195981,276014,149128,126886,139968,72916,67052,0,0,0,0,0,0,0,0,0
2071,23,000,State - MADHYA PRADESH,Urban,11,396391,209897,186494,21225,11145,10080,375166,198752,176414,125936,70477,55459,245099,125824,119275,0,0,0,0,0,0,0,0,0
2072,23,000,State - MADHYA PRADESH,Urban,12,428810,228699,200111,22983,11977,11006,405827,216722,189105,67651,38146,29505,291792,154248,137544,41787,21618,20169,0,0,0,0,0,0
2073,23,000,State - MADHYA PRADESH,Urban,13,392713,204899,187814,19075,9623,9452,373638,195276,178362,34123,19954,14169,224267,117264,107003,110847,55563,55284,0,0,0,0,0,0
2074,23,000,State - MADHYA PRADESH,Urban,14,408314,213796,194518,21381,10733,10648,386933,203063,183870,20939,11886,9053,138050,74995,63055,222912,113391,109521,0,0,0,0,0,0
2075,23,000,State - MADHYA PRADESH,Urban,15,423075,225628,197447,27106,13951,13155,395969,211677,184292,17491,10435,7056,86028,47448,38580,195043,103787,91256,91028,46319,44709,0,0,0
2076,23,000,State - MADHYA PRADESH,Urban,16,414566,220938,193628,26936,13710,13226,387630,207228,180402,18406,10851,7555,62115,34694,27421,130524,70434,60090,169395,87188,82207,0,0,0
2077,23,000,State - MADHYA PRADESH,Urban,17,381362,203730,177632,23410,11892,11518,357952,191838,166114,12409,7588,4821,47012,26852,20160,86382,47374,39008,204710,105914,98796,0,0,0
2078,23,000,State - MADHYA PRADESH,Urban,18,485086,263151,221935,39998,19688,20310,445088,243463,201625,18405,11914,6491,63920,37456,26464,92713,50225,42488,257854,137057,120797,0,0,0
2079,23,000,State - MADHYA PRADESH,Urban,19,382980,204278,178702,28252,12520,15732,354728,191758,162970,11754,7121,4633,45861,26674,19187,63907,34221,29686,223066,118334,104732,0,0,0
2080,23,000,State - MADHYA PRADESH,Urban,20-24,2048820,1072460,976360,204313,79952,124361,1844507,992508,851999,63661,36825,26836,266015,145769,120246,338143,181017,157126,733268,409705,323563,373601,182883,190718
2081,23,000,State - MADHYA PRADESH,Urban,25-29,1796648,920871,875777,239685,83487,156198,1556963,837384,719579,59063,30011,29052,241301,124631,116670,286443,154003,132440,448603,255357,193246,441940,232535,209405
2082,23,000,State - MADHYA PRADESH,Urban,30-34,1575991,809198,766793,264054,86647,177407,1311937,722551,589386,59196,28667,30529,210730,105594,105136,233701,128737,104964,377287,222077,155210,362248,202188,160060
2083,23,000,State - MADHYA PRADESH,Urban,35-39,1454064,742995,711069,299960,95735,204225,1154104,647260,506844,62250,29848,32402,202269,100801,101468,202098,112412,89686,333845,200905,132940,292146,171930,120216
2084,23,000,State - MADHYA PRADESH,Urban,40-44,1277216,666469,610747,295789,96228,199561,981427,570241,411186,59494,29707,29787,174509,88609,85900,158195,91651,66544,284018,177367,106651,252181,155274,96907
2085,23,000,State - MADHYA PRADESH,Urban,45-49,1097451,578079,519372,272536,86415,186121,824915,491664,333251,55733,28799,26934,155572,80509,75063,125474,73353,52121,226478,144623,81855,216576,140918,75658
2086,23,000,State - MADHYA PRADESH,Urban,50-54,846848,458464,388384,220653,70955,149698,626195,387509,238686,44896,23779,21117,119467,64388,55079,93885,56780,37105,171666,112726,58940,161896,111176,50720
2087,23,000,State - MADHYA PRADESH,Urban,55-59,620964,326229,294735,174520,48195,126325,446444,278034,168410,34124,16699,17425,84163,43069,41094,64672,38444,26228,129385,88735,40650,109065,77903,31162
2088,23,000,State - MADHYA PRADESH,Urban,60-64,550240,277596,272644,193106,54747,138359,357134,222849,134285,36177,18126,18051,76290,39127,37163,50830,29778,21052,95574,67660,27914,76344,56784,19560
2089,23,000,State - MADHYA PRADESH,Urban,65-69,372676,182307,190369,144935,39092,105843,227741,143215,84526,29182,14697,14485,49424,25468,23956,31923,18745,13178,58385,42314,16071,43775,34298,9477
2090,23,000,State - MADHYA PRADESH,Urban,70-74,280647,137078,143569,127794,37264,90530,152853,99814,53039,25052,13735,11317,34878,19790,15088,20086,12875,7211,33718,25469,8249,27599,22103,5496
2091,23,000,State - MADHYA PRADESH,Urban,75-79,138504,66293,72211,60085,16047,44038,78419,50246,28173,14417,7779,6638,17855,9719,8136,10291,6450,3841,16579,12355,4224,13441,11110,2331
2092,23,000,State - MADHYA PRADESH,Urban,80+,176643,77924,98719,87174,23363,63811,89469,54561,34908,17191,9650,7541,22217,12596,9621,12753,7955,4798,17252,11998,5254,11997,8623,3374
2093,23,000,State - MADHYA PRADESH,Urban,Age not stated,35552,18501,17051,9833,4350,5483,25719,14151,11568,3027,1578,1449,3933,2000,1933,3650,1984,1666,5854,3328,2526,4392,2466,1926
2094,24,000,State - GUJARAT,Total,All ages,60439692,31491260,28948432,19346334,8016387,11329947,41093358,23474873,17618485,8462829,4486708,3976121,10557001,5568559,4988442,6453935,4031450,2422485,9984720,6193323,3791397,3174158,1891932,1282226
2095,24,000,State - GUJARAT,Total,0-6,7777262,4115384,3661878,7777262,4115384,3661878,0,0,0,0,0,0,0,0,0,0,0,0,0,0,0,0,0,0
2096,24,000,State - GUJARAT,Total,7,1206246,642667,563579,249494,126514,122980,956752,516153,440599,928835,500000,428835,0,0,0,0,0,0,0,0,0,0,0,0
2097,24,000,State - GUJARAT,Total,8,1178323,629448,548875,117831,57536,60295,1060492,571912,488580,1038877,559703,479174,0,0,0,0,0,0,0,0,0,0,0,0
2098,24,000,State - GUJARAT,Total,9,1134337,610792,523545,76912,36689,40223,1057425,574103,483322,919609,499621,419988,117873,63359,54514,0,0,0,0,0,0,0,0,0
2099,24,000,State - GUJARAT,Total,10,1311960,704106,607854,95832,45706,50126,1216128,658400,557728,686622,373972,312650,505931,271392,234539,0,0,0,0,0,0,0,0,0
2100,24,000,State - GUJARAT,Total,11,1236591,663546,573045,64927,29143,35784,1171664,634403,537261,269686,145932,123754,878898,475906,402992,0,0,0,0,0,0,0,0,0
2101,24,000,State - GUJARAT,Total,12,1245225,663603,581622,72579,31317,41262,1172646,632286,540360,135731,70334,65397,888953,480079,408874,123347,68993,54354,0,0,0,0,0,0
2102,24,000,State - GUJARAT,Total,13,1180511,626998,553513,63786,26342,37444,1116725,600656,516069,80363,39078,41285,627615,334445,293170,383808,214631,169177,0,0,0,0,0,0
2103,24,000,State - GUJARAT,Total,14,1175158,625581,549577,69436,28154,41282,1105722,597427,508295,67319,31148,36171,356388,179020,177368,652184,372564,279620,0,0,0,0,0,0
2104,24,000,State - GUJARAT,Total,15,1221988,656901,565087,92845,38579,54266,1129143,618322,510821,73860,34703,39157,271305,127283,144022,479869,285648,194221,266980,152018,114962,0,0,0
2105,24,000,State - GUJARAT,Total,16,1148027,612601,535426,86382,34378,52004,1061645,578223,483422,67399,31383,36016,232016,102705,129311,294035,178782,115253,428074,245176,182898,0,0,0
2106,24,000,State - GUJARAT,Total,17,1100940,592392,508548,83063,32769,50294,1017877,559623,458254,62169,29464,32705,214174,95433,118741,211895,129561,82334,485776,282290,203486,0,0,0
2107,24,000,State - GUJARAT,Total,18,1297444,702316,595128,131099,50049,81050,1166345,652267,514078,83992,40828,43164,263625,124148,139477,218967,136844,82123,541085,318788,222297,0,0,0
2108,24,000,State - GUJARAT,Total,19,1097361,581900,515461,105110,36022,69088,992251,545878,446373,64546,29619,34927,209253,95580,113673,178745,109496,69249,487047,283404,203643,0,0,0
2109,24,000,State - GUJARAT,Total,20-24,5780722,3046127,2734595,762896,251381,511515,5017826,2794746,2223080,407761,193744,214017,1078180,521654,556526,929292,586934,342358,1723009,1026112,696897,564345,297384,266961
2110,24,000,State - GUJARAT,Total,25-29,5278822,2767283,2511539,877593,279938,597655,4401229,2487345,1913884,433577,209159,224418,935702,476299,459403,747219,476950,270269,1313558,800766,512792,639698,346476,293222
2111,24,000,State - GUJARAT,Total,30-34,4770528,2467024,2303504,1001618,313287,688331,3768910,2153737,1615173,449288,218115,231173,820607,428883,391724,613317,396604,216713,1127969,696697,431272,474772,264196,210576
2112,24,000,State - GUJARAT,Total,35-39,4341225,2258335,2082890,1114863,367300,747563,3226362,1891035,1335327,457494,238323,219171,709743,382936,326807,455243,293362,161881,971675,621745,349930,389816,226129,163687
2113,24,000,State - GUJARAT,Total,40-44,3865476,1993876,1871600,1173870,387554,786316,2691606,1606322,1085284,451155,244022,207133,609862,331630,278232,370833,240672,130161,761469,499467,262002,295214,183489,111725
2114,24,000,State - GUJARAT,Total,45-49,3314013,1711872,1602141,1106977,366529,740448,2207036,1345343,861693,409848,229369,180479,517030,296268,220762,279575,185514,94061,593184,387550,205634,240452,158570,81882
2115,24,000,State - GUJARAT,Total,50-54,2697183,1409273,1287910,979791,335411,644380,1717392,1073862,643530,354667,202609,152058,404800,239807,164993,188003,129874,58129,439784,293251,146533,197388,137181,60207
2116,24,000,State - GUJARAT,Total,55-59,2054947,1038088,1016859,785505,244265,541240,1269442,793823,475619,272482,150746,121736,300318,177393,122925,125809,86730,39079,317113,214101,103012,153789,112081,41708
2117,24,000,State - GUJARAT,Total,60-64,1727752,851259,876493,779598,253086,526512,948154,598173,349981,244130,137752,106378,226201,135057,91144,85639,59707,25932,216602,151215,65387,94445,71677,22768
2118,24,000,State - GUJARAT,Total,65-69,1170072,550002,620070,571831,174882,396949,598241,375120,223121,176196,98281,77915,141286,84090,57196,44987,31482,13505,128783,92308,36475,52211,40873,11338
2119,24,000,State - GUJARAT,Total,70-74,899677,417522,482155,488093,159309,328784,411584,258213,153371,140604,79743,60861,103162,63255,39907,23437,16619,6818,72290,53293,18997,30691,24414,6277
2120,24,000,State - GUJARAT,Total,75-79,439996,196341,243655,230894,69286,161608,209102,127055,82047,74988,40484,34504,52502,30686,21816,10305,7104,3201,35747,26644,9103,14420,11815,2605
2121,24,000,State - GUJARAT,Total,80+,549062,230477,318585,321029,98612,222417,228033,131865,96168,81658,42958,38700,56194,32544,23650,14215,9182,5033,35104,24525,10579,14019,10238,3781
2122,24,000,State - GUJARAT,Total,Age not stated,238844,125546,113298,65218,26965,38253,173626,98581,75045,29973,15618,14355,35383,18707,16676,23211,14197,9014,39471,23973,15498,12898,7409,5489
2123,24,000,State - GUJARAT,Rural,All ages,34694609,17799159,16895450,13273767,5331516,7942251,21420842,12467643,8953199,5538772,2959945,2578827,6296439,3391739,2904700,3370371,2165852,1204519,4188596,2767138,1421458,670430,452150,218280
2124,24,000,State - GUJARAT,Rural,0-6,4824903,2521455,2303448,4824903,2521455,2303448,0,0,0,0,0,0,0,0,0,0,0,0,0,0,0,0,0,0
2125,24,000,State - GUJARAT,Rural,7,737692,386470,351222,163426,81753,81673,574266,304717,269549,559397,296372,263025,0,0,0,0,0,0,0,0,0,0,0,0
2126,24,000,State - GUJARAT,Rural,8,739884,388990,350894,78479,37766,40713,661405,351224,310181,648803,344284,304519,0,0,0,0,0,0,0,0,0,0,0,0
2127,24,000,State - GUJARAT,Rural,9,707049,373999,333050,49621,23061,26560,657428,350938,306490,578319,309015,269304,67307,35506,31801,0,0,0,0,0,0,0,0,0
2128,24,000,State - GUJARAT,Rural,10,812478,427486,384992,61551,28580,32971,750927,398906,352021,428542,228834,199708,308511,162661,145850,0,0,0,0,0,0,0,0,0
2129,24,000,State - GUJARAT,Rural,11,762497,402077,360420,41871,18067,23804,720626,384010,336616,174349,92438,81911,532370,284194,248176,0,0,0,0,0,0,0,0,0
2130,24,000,State - GUJARAT,Rural,12,772750,404555,368195,48415,19998,28417,724335,384557,339778,92003,46270,45733,554484,295282,259202,62389,35096,27293,0,0,0,0,0,0
2131,24,000,State - GUJARAT,Rural,13,726657,380707,345950,43038,16935,26103,683619,363772,319847,56005,26409,29596,398989,209339,189650,212598,120339,92259,0,0,0,0,0,0
2132,24,000,State - GUJARAT,Rural,14,713499,374554,338945,47084,18007,29077,666415,356547,309868,48036,21482,26554,241279,118179,123100,357841,207749,150092,0,0,0,0,0,0
2133,24,000,State - GUJARAT,Rural,15,740679,391524,349155,62693,24704,37989,677986,366820,311166,53615,24288,29327,190937,86960,103977,279724,168048,111676,129339,75723,53616,0,0,0
2134,24,000,State - GUJARAT,Rural,16,685110,359632,325478,59081,21889,37192,626029,337743,288286,48715,21768,26947,162918,70174,92744,179830,110168,69662,208501,123024,85477,0,0,0
2135,24,000,State - GUJARAT,Rural,17,636868,334951,301917,55569,19766,35803,581299,315185,266114,43951,19803,24148,146895,63336,83559,128861,78616,50245,233978,139600,94378,0,0,0
2136,24,000,State - GUJARAT,Rural,18,743403,388891,354512,89186,29983,59203,654217,358908,295309,59207,27009,32198,176127,79282,96845,127942,79318,48624,255054,155025,100029,0,0,0
2137,24,000,State - GUJARAT,Rural,19,600474,306576,293898,70403,21020,49383,530071,285556,244515,44482,19062,25420,135267,58942,76325,101117,61223,39894,218098,130700,87398,0,0,0
2138,24,000,State - GUJARAT,Rural,20-24,3129114,1613761,1515353,526949,158130,368819,2602165,1455631,1146534,287776,132122,155654,670970,321815,349155,508577,325799,182778,801020,493421,307599,156576,88952,67624
2139,24,000,State - GUJARAT,Rural,25-29,2767541,1439403,1328138,617800,185645,432155,2149741,1253758,895983,308609,147892,160717,557727,292121,265606,374616,248272,126344,571639,369458,202181,161617,100543,61074
2140,24,000,State - GUJARAT,Rural,30-34,2567865,1309468,1258397,725686,217425,508261,1842179,1092043,750136,320669,156816,163853,483274,263187,220087,310959,210077,100882,472926,312875,160051,101869,67052,34817
2141,24,000,State - GUJARAT,Rural,35-39,2379877,1230816,1149061,818058,264795,553263,1561819,966021,595798,322066,172290,149776,400245,230584,169661,221807,151415,70392,405690,282974,122716,80794,56634,24160
2142,24,000,State - GUJARAT,Rural,40-44,2149186,1096357,1052829,871409,285748,585661,1277777,810609,467168,310689,174367,136322,333366,196512,136854,173560,120860,52700,294174,215543,78631,56343,43069,13274
2143,24,000,State - GUJARAT,Rural,45-49,1830536,938828,891708,826366,276620,549746,1004170,662208,341962,274085,162215,111870,273386,173410,99976,123127,89721,33406,205568,154877,50691,39809,32405,7404
2144,24,000,State - GUJARAT,Rural,50-54,1504667,772574,732093,739126,256307,482819,765541,516267,249274,234996,142492,92504,211096,139279,71817,79334,60450,18884,142782,110865,31917,27647,23496,4151
2145,24,000,State - GUJARAT,Rural,55-59,1161872,569554,592318,602641,191355,411286,559231,378199,181032,180672,107702,72970,154753,104062,50691,51737,39848,11889,99341,79457,19884,20034,17614,2420
2146,24,000,State - GUJARAT,Rural,60-64,1023043,494349,528694,591999,197749,394250,431044,296600,134444,160180,99034,61146,114476,79437,35039,34213,27050,7163,66684,55642,11042,11835,10646,1189
2147,24,000,State - GUJARAT,Rural,65-69,707269,323610,383659,436699,138771,297928,270570,184839,85731,112277,69614,42663,69386,49170,20216,16748,13466,3282,36437,30859,5578,5963,5410,553
2148,24,000,State - GUJARAT,Rural,70-74,559725,256602,303123,372601,127980,244621,187124,128622,58502,86942,55574,31368,48997,36088,12909,7737,6454,1283,17816,15534,2282,2899,2624,275
2149,24,000,State - GUJARAT,Rural,75-79,262004,113543,148461,175569,55680,119889,86435,57863,28572,42217,26321,15896,21906,16001,5905,2843,2286,557,7395,6415,980,1126,1015,111
2150,24,000,State - GUJARAT,Rural,80+,332285,139154,193131,234585,76940,157645,97700,62214,35486,45408,27740,17668,24075,16757,7318,4772,3314,1458,8361,6318,2043,1445,1106,339
2151,24,000,State - GUJARAT,Rural,Age not stated,115682,59273,56409,38959,15387,23572,76723,43886,32837,16762,8732,8030,17698,9461,8237,10039,6283,3756,13793,8828,4965,2473,1584,889
2152,24,000,State - GUJARAT,Urban,All ages,25745083,13692101,12052982,6072567,2684871,3387696,19672516,11007230,8665286,2924057,1526763,1397294,4260562,2176820,2083742,3083564,1865598,1217966,5796124,3426185,2369939,2503728,1439782,1063946
2153,24,000,State - GUJARAT,Urban,0-6,2952359,1593929,1358430,2952359,1593929,1358430,0,0,0,0,0,0,0,0,0,0,0,0,0,0,0,0,0,0
2154,24,000,State - GUJARAT,Urban,7,468554,256197,212357,86068,44761,41307,382486,211436,171050,369438,203628,165810,0,0,0,0,0,0,0,0,0,0,0,0
2155,24,000,State - GUJARAT,Urban,8,438439,240458,197981,39352,19770,19582,399087,220688,178399,390074,215419,174655,0,0,0,0,0,0,0,0,0,0,0,0
2156,24,000,State - GUJARAT,Urban,9,427288,236793,190495,27291,13628,13663,399997,223165,176832,341290,190606,150684,50566,27853,22713,0,0,0,0,0,0,0,0,0
2157,24,000,State - GUJARAT,Urban,10,499482,276620,222862,34281,17126,17155,465201,259494,205707,258080,145138,112942,197420,108731,88689,0,0,0,0,0,0,0,0,0
2158,24,000,State - GUJARAT,Urban,11,474094,261469,212625,23056,11076,11980,451038,250393,200645,95337,53494,41843,346528,191712,154816,0,0,0,0,0,0,0,0,0
2159,24,000,State - GUJARAT,Urban,12,472475,259048,213427,24164,11319,12845,448311,247729,200582,43728,24064,19664,334469,184797,149672,60958,33897,27061,0,0,0,0,0,0
2160,24,000,State - GUJARAT,Urban,13,453854,246291,207563,20748,9407,11341,433106,236884,196222,24358,12669,11689,228626,125106,103520,171210,94292,76918,0,0,0,0,0,0
2161,24,000,State - GUJARAT,Urban,14,461659,251027,210632,22352,10147,12205,439307,240880,198427,19283,9666,9617,115109,60841,54268,294343,164815,129528,0,0,0,0,0,0
2162,24,000,State - GUJARAT,Urban,15,481309,265377,215932,30152,13875,16277,451157,251502,199655,20245,10415,9830,80368,40323,40045,200145,117600,82545,137641,76295,61346,0,0,0
2163,24,000,State - GUJARAT,Urban,16,462917,252969,209948,27301,12489,14812,435616,240480,195136,18684,9615,9069,69098,32531,36567,114205,68614,45591,219573,122152,97421,0,0,0
2164,24,000,State - GUJARAT,Urban,17,464072,257441,206631,27494,13003,14491,436578,244438,192140,18218,9661,8557,67279,32097,35182,83034,50945,32089,251798,142690,109108,0,0,0
2165,24,000,State - GUJARAT,Urban,18,554041,313425,240616,41913,20066,21847,512128,293359,218769,24785,13819,10966,87498,44866,42632,91025,57526,33499,286031,163763,122268,0,0,0
2166,24,000,State - GUJARAT,Urban,19,496887,275324,221563,34707,15002,19705,462180,260322,201858,20064,10557,9507,73986,36638,37348,77628,48273,29355,268949,152704,116245,0,0,0
2167,24,000,State - GUJARAT,Urban,20-24,2651608,1432366,1219242,235947,93251,142696,2415661,1339115,1076546,119985,61622,58363,407210,199839,207371,420715,261135,159580,921989,532691,389298,407769,208432,199337
2168,24,000,State - GUJARAT,Urban,25-29,2511281,1327880,1183401,259793,94293,165500,2251488,1233587,1017901,124968,61267,63701,377975,184178,193797,372603,228678,143925,741919,431308,310611,478081,245933,232148
2169,24,000,State - GUJARAT,Urban,30-34,2202663,1157556,1045107,275932,95862,180070,1926731,1061694,865037,128619,61299,67320,337333,165696,171637,302358,186527,115831,655043,383822,271221,372903,197144,175759
2170,24,000,State - GUJARAT,Urban,35-39,1961348,1027519,933829,296805,102505,194300,1664543,925014,739529,135428,66033,69395,309498,152352,157146,233436,141947,91489,565985,338771,227214,309022,169495,139527
2171,24,000,State - GUJARAT,Urban,40-44,1716290,897519,818771,302461,101806,200655,1413829,795713,618116,140466,69655,70811,276496,135118,141378,197273,119812,77461,467295,283924,183371,238871,140420,98451
2172,24,000,State - GUJARAT,Urban,45-49,1483477,773044,710433,280611,89909,190702,1202866,683135,519731,135763,67154,68609,243644,122858,120786,156448,95793,60655,387616,232673,154943,200643,126165,74478
2173,24,000,State - GUJARAT,Urban,50-54,1192516,636699,555817,240665,79104,161561,951851,557595,394256,119671,60117,59554,193704,100528,93176,108669,69424,39245,297002,182386,114616,169741,113685,56056
2174,24,000,State - GUJARAT,Urban,55-59,893075,468534,424541,182864,52910,129954,710211,415624,294587,91810,43044,48766,145565,73331,72234,74072,46882,27190,217772,134644,83128,133755,94467,39288
2175,24,000,State - GUJARAT,Urban,60-64,704709,356910,347799,187599,55337,132262,517110,301573,215537,83950,38718,45232,111725,55620,56105,51426,32657,18769,149918,95573,54345,82610,61031,21579
2176,24,000,State - GUJARAT,Urban,65-69,462803,226392,236411,135132,36111,99021,327671,190281,137390,63919,28667,35252,71900,34920,36980,28239,18016,10223,92346,61449,30897,46248,35463,10785
2177,24,000,State - GUJARAT,Urban,70-74,339952,160920,179032,115492,31329,84163,224460,129591,94869,53662,24169,29493,54165,27167,26998,15700,10165,5535,54474,37759,16715,27792,21790,6002
2178,24,000,State - GUJARAT,Urban,75-79,177992,82798,95194,55325,13606,41719,122667,69192,53475,32771,14163,18608,30596,14685,15911,7462,4818,2644,28352,20229,8123,13294,10800,2494
2179,24,000,State - GUJARAT,Urban,80+,216777,91323,125454,86444,21672,64772,130333,69651,60682,36250,15218,21032,32119,15787,16332,9443,5868,3575,26743,18207,8536,12574,9132,3442
2180,24,000,State - GUJARAT,Urban,Age not stated,123162,66273,56889,26259,11578,14681,96903,54695,42208,13211,6886,6325,17685,9246,8439,13172,7914,5258,25678,15145,10533,10425,5825,4600
2181,25,000,State - DAMAN & DIU,Total,All ages,243247,150301,92946,54841,25658,29183,188406,124643,63763,26623,15332,11291,41447,26048,15399,35626,24792,10834,64988,45447,19541,12802,8425,4377
2182,25,000,State - DAMAN & DIU,Total,0-6,26934,14144,12790,26934,14144,12790,0,0,0,0,0,0,0,0,0,0,0,0,0,0,0,0,0,0
2183,25,000,State - DAMAN & DIU,Total,7,3770,1998,1772,683,370,313,3087,1628,1459,3014,1579,1435,0,0,0,0,0,0,0,0,0,0,0,0
2184,25,000,State - DAMAN & DIU,Total,8,3648,1934,1714,261,133,128,3387,1801,1586,3333,1771,1562,0,0,0,0,0,0,0,0,0,0,0,0
2185,25,000,State - DAMAN & DIU,Total,9,3312,1772,1540,148,73,75,3164,1699,1465,2799,1521,1278,327,156,171,0,0,0,0,0,0,0,0,0
2186,25,000,State - DAMAN & DIU,Total,10,3732,1982,1750,181,86,95,3551,1896,1655,2115,1136,979,1376,728,648,0,0,0,0,0,0,0,0,0
2187,25,000,State - DAMAN & DIU,Total,11,3597,1940,1657,114,48,66,3483,1892,1591,740,451,289,2698,1413,1285,0,0,0,0,0,0,0,0,0
2188,25,000,State - DAMAN & DIU,Total,12,3378,1818,1560,91,44,47,3287,1774,1513,354,223,131,2509,1329,1180,391,207,184,0,0,0,0,0,0
2189,25,000,State - DAMAN & DIU,Total,13,3289,1747,1542,76,42,34,3213,1705,1508,167,92,75,1740,950,790,1261,636,625,0,0,0,0,0,0
2190,25,000,State - DAMAN & DIU,Total,14,3325,1813,1512,117,67,50,3208,1746,1462,125,78,47,793,483,310,2241,1156,1085,0,0,0,0,0,0
2191,25,000,State - DAMAN & DIU,Total,15,3550,2068,1482,170,111,59,3380,1957,1423,123,88,35,599,412,187,1607,893,714,980,516,464,0,0,0
2192,25,000,State - DAMAN & DIU,Total,16,3876,2421,1455,183,120,63,3693,2301,1392,182,137,45,586,444,142,1122,757,365,1727,908,819,0,0,0
2193,25,000,State - DAMAN & DIU,Total,17,4511,3048,1463,277,210,67,4234,2838,1396,219,187,32,779,604,175,979,735,244,2153,1231,922,0,0,0
2194,25,000,State - DAMAN & DIU,Total,18,7599,5777,1822,637,502,135,6962,5275,1687,468,388,80,1443,1207,236,1750,1477,273,3055,1988,1067,0,0,0
2195,25,000,State - DAMAN & DIU,Total,19,6778,4925,1853,461,335,126,6317,4590,1727,344,282,62,1242,986,256,1464,1200,264,3091,1980,1111,0,0,0
2196,25,000,State - DAMAN & DIU,Total,20-24,38584,27925,10659,3138,1909,1229,35446,26016,9430,2008,1501,507,6856,5125,1731,7898,6210,1688,15343,11004,4339,2026,1181,845
2197,25,000,State - DAMAN & DIU,Total,25-29,33181,22044,11137,3215,1542,1673,29966,20502,9464,1760,1125,635,5358,3534,1824,5903,4274,1629,12646,8845,3801,3020,1872,1148
2198,25,000,State - DAMAN & DIU,Total,30-34,24031,15314,8717,2699,1163,1536,21332,14151,7181,1401,841,560,3781,2306,1475,3803,2517,1286,9189,6510,2679,2340,1473,867
2199,25,000,State - DAMAN & DIU,Total,35-39,19550,12255,7295,2687,1080,1607,16863,11175,5688,1414,808,606,3161,1813,1348,2713,1724,989,6821,4997,1824,2039,1360,679
2200,25,000,State - DAMAN & DIU,Total,40-44,13601,8384,5217,2276,883,1393,11325,7501,3824,1297,710,587,2379,1338,1041,1823,1182,641,3952,2963,989,1389,1007,382
2201,25,000,State - DAMAN & DIU,Total,45-49,9618,5649,3969,2058,727,1331,7560,4922,2638,1050,572,478,1880,1009,871,1156,754,402,2364,1787,577,770,581,189
2202,25,000,State - DAMAN & DIU,Total,50-54,6610,3646,2964,1674,498,1176,4936,3148,1788,888,456,432,1280,678,602,654,459,195,1441,1087,354,447,339,108
2203,25,000,State - DAMAN & DIU,Total,55-59,5056,2576,2480,1479,387,1092,3577,2189,1388,817,384,433,949,505,444,379,258,121,920,691,229,353,268,85
2204,25,000,State - DAMAN & DIU,Total,60-64,4308,1977,2331,1696,404,1292,2612,1573,1039,684,336,348,726,401,325,235,170,65,599,419,180,214,179,35
2205,25,000,State - DAMAN & DIU,Total,65-69,2753,1182,1571,1234,272,962,1519,910,609,522,259,263,409,254,155,85,57,28,334,233,101,85,70,15
2206,25,000,State - DAMAN & DIU,Total,70-74,2103,841,1262,1096,237,859,1007,604,403,387,182,205,285,189,96,55,42,13,154,116,38,54,47,7
2207,25,000,State - DAMAN & DIU,Total,75-79,1067,437,630,557,113,444,510,324,186,230,128,102,132,85,47,23,18,5,73,58,15,22,16,6
2208,25,000,State - DAMAN & DIU,Total,80+,1130,436,694,639,129,510,491,307,184,159,82,77,120,74,46,42,32,10,85,68,17,31,24,7
2209,25,000,State - DAMAN & DIU,Total,Age not stated,356,248,108,60,29,31,296,219,77,23,15,8,39,25,14,42,34,8,61,46,15,12,8,4
2210,25,000,State - DAMAN & DIU,Rural,All ages,60396,32395,28001,17307,6866,10441,43089,25529,17560,7966,4407,3559,11437,6564,4873,8118,4812,3306,12485,7745,4740,1669,1223,446
2211,25,000,State - DAMAN & DIU,Rural,0-6,7438,3849,3589,7438,3849,3589,0,0,0,0,0,0,0,0,0,0,0,0,0,0,0,0,0,0
2212,25,000,State - DAMAN & DIU,Rural,7,1176,622,554,211,129,82,965,493,472,946,478,468,0,0,0,0,0,0,0,0,0,0,0,0
2213,25,000,State - DAMAN & DIU,Rural,8,1194,620,574,52,28,24,1142,592,550,1124,584,540,0,0,0,0,0,0,0,0,0,0,0,0
2214,25,000,State - DAMAN & DIU,Rural,9,1133,583,550,25,15,10,1108,568,540,953,502,451,143,58,85,0,0,0,0,0,0,0,0,0
2215,25,000,State - DAMAN & DIU,Rural,10,1321,668,653,35,20,15,1286,648,638,627,311,316,645,333,312,0,0,0,0,0,0,0,0,0
2216,25,000,State - DAMAN & DIU,Rural,11,1330,722,608,21,10,11,1309,712,597,203,119,84,1090,585,505,0,0,0,0,0,0,0,0,0
2217,25,000,State - DAMAN & DIU,Rural,12,1265,674,591,19,10,9,1246,664,582,72,51,21,975,518,457,188,89,99,0,0,0,0,0,0
2218,25,000,State - DAMAN & DIU,Rural,13,1231,620,611,16,9,7,1215,611,604,33,17,16,602,319,283,564,267,297,0,0,0,0,0,0
2219,25,000,State - DAMAN & DIU,Rural,14,1188,618,570,16,8,8,1172,610,562,20,15,5,251,150,101,890,439,451,0,0,0,0,0,0
2220,25,000,State - DAMAN & DIU,Rural,15,1222,660,562,21,12,9,1201,648,553,22,15,7,170,111,59,552,300,252,441,215,226,0,0,0
2221,25,000,State - DAMAN & DIU,Rural,16,1214,677,537,15,7,8,1199,670,529,32,23,9,149,85,64,368,223,145,637,331,306,0,0,0
2222,25,000,State - DAMAN & DIU,Rural,17,1293,704,589,37,26,11,1256,678,578,32,21,11,180,108,72,280,166,114,747,373,374,0,0,0
2223,25,000,State - DAMAN & DIU,Rural,18,1484,908,576,60,44,16,1424,864,560,71,44,27,251,166,85,272,184,88,784,436,348,0,0,0
2224,25,000,State - DAMAN & DIU,Rural,19,1442,817,625,61,34,27,1381,783,598,50,33,17,231,138,93,264,166,98,799,429,370,0,0,0
2225,25,000,State - DAMAN & DIU,Rural,20-24,7024,4117,2907,442,177,265,6582,3940,2642,338,197,141,1330,742,588,1389,839,550,2934,1791,1143,402,263,139
2226,25,000,State - DAMAN & DIU,Rural,25-29,6125,3416,2709,635,210,425,5490,3206,2284,408,213,195,1221,662,559,1098,656,442,2130,1251,879,421,309,112
2227,25,000,State - DAMAN & DIU,Rural,30-34,5077,2823,2254,856,268,588,4221,2555,1666,408,214,194,1066,592,474,845,517,328,1471,962,509,281,193,88
2228,25,000,State - DAMAN & DIU,Rural,35-39,4681,2601,2080,1129,318,811,3552,2283,1269,529,280,249,911,525,386,576,365,211,1128,822,306,236,180,56
2229,25,000,State - DAMAN & DIU,Rural,40-44,3489,1905,1584,1062,303,759,2427,1602,825,548,298,250,676,421,255,350,235,115,590,464,126,144,121,23
2230,25,000,State - DAMAN & DIU,Rural,45-49,2766,1496,1270,1024,305,719,1742,1191,551,434,273,161,575,365,210,214,151,63,332,270,62,91,74,17
2231,25,000,State - DAMAN & DIU,Rural,50-54,2090,1047,1043,892,220,672,1198,827,371,357,218,139,384,251,133,134,111,23,223,181,42,39,36,3
2232,25,000,State - DAMAN & DIU,Rural,55-59,1547,740,807,806,209,597,741,531,210,244,159,85,260,191,69,51,41,10,112,98,14,25,21,4
2233,25,000,State - DAMAN & DIU,Rural,60-64,1388,592,796,858,222,636,530,370,160,202,134,68,158,116,42,40,30,10,63,52,11,20,17,3
2234,25,000,State - DAMAN & DIU,Rural,65-69,870,374,496,568,160,408,302,214,88,151,103,48,72,53,19,14,9,5,47,39,8,4,4,0
2235,25,000,State - DAMAN & DIU,Rural,70-74,675,275,400,495,147,348,180,128,52,84,53,31,51,45,6,10,9,1,13,11,2,2,2,0
2236,25,000,State - DAMAN & DIU,Rural,75-79,314,112,202,242,60,182,72,52,20,38,27,11,16,13,3,4,4,0,6,3,3,0,0,0
2237,25,000,State - DAMAN & DIU,Rural,80+,336,112,224,250,59,191,86,53,33,36,23,13,19,13,6,7,5,2,11,6,5,2,1,1
2238,25,000,State - DAMAN & DIU,Rural,Age not stated,83,43,40,21,7,14,62,36,26,4,2,2,11,4,7,8,6,2,17,11,6,2,2,0
2239,25,000,State - DAMAN & DIU,Urban,All ages,182851,117906,64945,37534,18792,18742,145317,99114,46203,18657,10925,7732,30010,19484,10526,27508,19980,7528,52503,37702,14801,11133,7202,3931
2240,25,000,State - DAMAN & DIU,Urban,0-6,19496,10295,9201,19496,10295,9201,0,0,0,0,0,0,0,0,0,0,0,0,0,0,0,0,0,0
2241,25,000,State - DAMAN & DIU,Urban,7,2594,1376,1218,472,241,231,2122,1135,987,2068,1101,967,0,0,0,0,0,0,0,0,0,0,0,0
2242,25,000,State - DAMAN & DIU,Urban,8,2454,1314,1140,209,105,104,2245,1209,1036,2209,1187,1022,0,0,0,0,0,0,0,0,0,0,0,0
2243,25,000,State - DAMAN & DIU,Urban,9,2179,1189,990,123,58,65,2056,1131,925,1846,1019,827,184,98,86,0,0,0,0,0,0,0,0,0
2244,25,000,State - DAMAN & DIU,Urban,10,2411,1314,1097,146,66,80,2265,1248,1017,1488,825,663,731,395,336,0,0,0,0,0,0,0,0,0
2245,25,000,State - DAMAN & DIU,Urban,11,2267,1218,1049,93,38,55,2174,1180,994,537,332,205,1608,828,780,0,0,0,0,0,0,0,0,0
2246,25,000,State - DAMAN & DIU,Urban,12,2113,1144,969,72,34,38,2041,1110,931,282,172,110,1534,811,723,203,118,85,0,0,0,0,0,0
2247,25,000,State - DAMAN & DIU,Urban,13,2058,1127,931,60,33,27,1998,1094,904,134,75,59,1138,631,507,697,369,328,0,0,0,0,0,0
2248,25,000,State - DAMAN & DIU,Urban,14,2137,1195,942,101,59,42,2036,1136,900,105,63,42,542,333,209,1351,717,634,0,0,0,0,0,0
2249,25,000,State - DAMAN & DIU,Urban,15,2328,1408,920,149,99,50,2179,1309,870,101,73,28,429,301,128,1055,593,462,539,301,238,0,0,0
2250,25,000,State - DAMAN & DIU,Urban,16,2662,1744,918,168,113,55,2494,1631,863,150,114,36,437,359,78,754,534,220,1090,577,513,0,0,0
2251,25,000,State - DAMAN & DIU,Urban,17,3218,2344,874,240,184,56,2978,2160,818,187,166,21,599,496,103,699,569,130,1406,858,548,0,0,0
2252,25,000,State - DAMAN & DIU,Urban,18,6115,4869,1246,577,458,119,5538,4411,1127,397,344,53,1192,1041,151,1478,1293,185,2271,1552,719,0,0,0
2253,25,000,State - DAMAN & DIU,Urban,19,5336,4108,1228,400,301,99,4936,3807,1129,294,249,45,1011,848,163,1200,1034,166,2292,1551,741,0,0,0
2254,25,000,State - DAMAN & DIU,Urban,20-24,31560,23808,7752,2696,1732,964,28864,22076,6788,1670,1304,366,5526,4383,1143,6509,5371,1138,12409,9213,3196,1624,918,706
2255,25,000,State - DAMAN & DIU,Urban,25-29,27056,18628,8428,2580,1332,1248,24476,17296,7180,1352,912,440,4137,2872,1265,4805,3618,1187,10516,7594,2922,2599,1563,1036
2256,25,000,State - DAMAN & DIU,Urban,30-34,18954,12491,6463,1843,895,948,17111,11596,5515,993,627,366,2715,1714,1001,2958,2000,958,7718,5548,2170,2059,1280,779
2257,25,000,State - DAMAN & DIU,Urban,35-39,14869,9654,5215,1558,762,796,13311,8892,4419,885,528,357,2250,1288,962,2137,1359,778,5693,4175,1518,1803,1180,623
2258,25,000,State - DAMAN & DIU,Urban,40-44,10112,6479,3633,1214,580,634,8898,5899,2999,749,412,337,1703,917,786,1473,947,526,3362,2499,863,1245,886,359
2259,25,000,State - DAMAN & DIU,Urban,45-49,6852,4153,2699,1034,422,612,5818,3731,2087,616,299,317,1305,644,661,942,603,339,2032,1517,515,679,507,172
2260,25,000,State - DAMAN & DIU,Urban,50-54,4520,2599,1921,782,278,504,3738,2321,1417,531,238,293,896,427,469,520,348,172,1218,906,312,408,303,105
2261,25,000,State - DAMAN & DIU,Urban,55-59,3509,1836,1673,673,178,495,2836,1658,1178,573,225,348,689,314,375,328,217,111,808,593,215,328,247,81
2262,25,000,State - DAMAN & DIU,Urban,60-64,2920,1385,1535,838,182,656,2082,1203,879,482,202,280,568,285,283,195,140,55,536,367,169,194,162,32
2263,25,000,State - DAMAN & DIU,Urban,65-69,1883,808,1075,666,112,554,1217,696,521,371,156,215,337,201,136,71,48,23,287,194,93,81,66,15
2264,25,000,State - DAMAN & DIU,Urban,70-74,1428,566,862,601,90,511,827,476,351,303,129,174,234,144,90,45,33,12,141,105,36,52,45,7
2265,25,000,State - DAMAN & DIU,Urban,75-79,753,325,428,315,53,262,438,272,166,192,101,91,116,72,44,19,14,5,67,55,12,22,16,6
2266,25,000,State - DAMAN & DIU,Urban,80+,794,324,470,389,70,319,405,254,151,123,59,64,101,61,40,35,27,8,74,62,12,29,23,6
2267,25,000,State - DAMAN & DIU,Urban,Age not stated,273,205,68,39,22,17,234,183,51,19,13,6,28,21,7,34,28,6,44,35,9,10,6,4
2268,26,000,State - DADRA & NAGAR HAVELI,Total,All ages,343709,193760,149949,120479,51239,69240,223230,142521,80709,43709,24482,19227,48436,28803,19633,37385,24919,12466,60876,43072,17804,19174,12227,6947
2269,26,000,State - DADRA & NAGAR HAVELI,Total,0-6,50895,26431,24464,50895,26431,24464,0,0,0,0,0,0,0,0,0,0,0,0,0,0,0,0,0,0
2270,26,000,State - DADRA & NAGAR HAVELI,Total,7,7493,3977,3516,1210,626,584,6283,3351,2932,6137,3262,2875,0,0,0,0,0,0,0,0,0,0,0,0
2271,26,000,State - DADRA & NAGAR HAVELI,Total,8,7482,3905,3577,475,224,251,7007,3681,3326,6872,3619,3253,0,0,0,0,0,0,0,0,0,0,0,0
2272,26,000,State - DADRA & NAGAR HAVELI,Total,9,6940,3648,3292,324,135,189,6616,3513,3103,5827,3083,2744,664,364,300,0,0,0,0,0,0,0,0,0
2273,26,000,State - DADRA & NAGAR HAVELI,Total,10,7835,4051,3784,438,193,245,7397,3858,3539,4408,2349,2059,2871,1438,1433,0,0,0,0,0,0,0,0,0
2274,26,000,State - DADRA & NAGAR HAVELI,Total,11,7397,3895,3502,261,98,163,7136,3797,3339,2028,1093,935,4982,2635,2347,0,0,0,0,0,0,0,0,0
2275,26,000,State - DADRA & NAGAR HAVELI,Total,12,6853,3559,3294,301,89,212,6552,3470,3082,929,430,499,4966,2668,2298,529,307,222,0,0,0,0,0,0
2276,26,000,State - DADRA & NAGAR HAVELI,Total,13,6728,3573,3155,289,84,205,6439,3489,2950,543,259,284,3961,2139,1822,1793,1013,780,0,0,0,0,0,0
2277,26,000,State - DADRA & NAGAR HAVELI,Total,14,6190,3307,2883,339,97,242,5851,3210,2641,412,158,254,2231,1238,993,3072,1737,1335,0,0,0,0,0,0
2278,26,000,State - DADRA & NAGAR HAVELI,Total,15,6048,3280,2768,460,138,322,5588,3142,2446,397,154,243,1355,755,600,2763,1620,1143,912,521,391,0,0,0
2279,26,000,State - DADRA & NAGAR HAVELI,Total,16,5665,3087,2578,589,168,421,5076,2919,2157,454,182,272,948,536,412,1945,1210,735,1539,881,658,0,0,0
2280,26,000,State - DADRA & NAGAR HAVELI,Total,17,5682,3386,2296,573,187,386,5109,3199,1910,406,198,208,893,568,325,1582,1044,538,2023,1249,774,0,0,0
2281,26,000,State - DADRA & NAGAR HAVELI,Total,18,8075,5218,2857,1037,377,660,7038,4841,2197,554,309,245,1329,927,402,1867,1422,445,2867,1889,978,0,0,0
2282,26,000,State - DADRA & NAGAR HAVELI,Total,19,7634,5008,2626,880,317,563,6754,4691,2063,502,288,214,1214,835,379,1650,1249,401,2927,1980,947,0,0,0
2283,26,000,State - DADRA & NAGAR HAVELI,Total,20-24,44301,27595,16706,6695,1993,4702,37606,25602,12004,2811,1631,1180,6379,4150,2229,7552,5447,2105,15129,10768,4361,3075,1782,1293
2284,26,000,State - DADRA & NAGAR HAVELI,Total,25-29,39885,23496,16389,7825,2481,5344,32060,21015,11045,2499,1509,990,4937,3101,1836,5487,3621,1866,12056,8450,3606,4410,2565,1845
2285,26,000,State - DADRA & NAGAR HAVELI,Total,30-34,30641,17957,12684,7286,2431,4855,23355,15526,7829,1937,1178,759,3389,2121,1268,3640,2441,1199,8653,6244,2409,3914,2343,1571
2286,26,000,State - DADRA & NAGAR HAVELI,Total,35-39,25277,14862,10415,7608,2711,4897,17669,12151,5518,1809,1169,640,2656,1639,1017,2335,1585,750,6160,4614,1546,3308,2231,1077
2287,26,000,State - DADRA & NAGAR HAVELI,Total,40-44,18181,10554,7627,7343,2750,4593,10838,7804,3034,1441,994,447,1784,1148,636,1284,883,401,3484,2714,770,1988,1464,524
2288,26,000,State - DADRA & NAGAR HAVELI,Total,45-49,13789,7671,6118,6634,2552,4082,7155,5119,2036,1252,877,375,1315,877,438,808,574,234,2056,1555,501,1115,810,305
2289,26,000,State - DADRA & NAGAR HAVELI,Total,50-54,9503,5215,4288,5125,2065,3060,4378,3150,1228,840,612,228,880,592,288,461,327,134,1202,904,298,621,456,165
2290,26,000,State - DADRA & NAGAR HAVELI,Total,55-59,6951,3526,3425,4119,1550,2569,2832,1976,856,534,378,156,615,401,214,280,206,74,780,541,239,350,268,82
2291,26,000,State - DADRA & NAGAR HAVELI,Total,60-64,5831,2794,3037,3910,1454,2456,1921,1340,581,476,342,134,440,287,153,157,113,44,485,345,140,190,149,41
2292,26,000,State - DADRA & NAGAR HAVELI,Total,65-69,3716,1755,1961,2589,984,1605,1127,771,356,263,178,85,280,182,98,78,53,25,293,211,82,92,71,21
2293,26,000,State - DADRA & NAGAR HAVELI,Total,70-74,2309,973,1336,1766,606,1160,543,367,176,167,115,52,138,79,59,32,26,6,108,76,32,43,39,4
2294,26,000,State - DADRA & NAGAR HAVELI,Total,75-79,958,394,564,687,233,454,271,161,110,76,37,39,52,30,22,15,9,6,65,48,17,20,18,2
2295,26,000,State - DADRA & NAGAR HAVELI,Total,80+,1078,443,635,688,215,473,390,228,162,94,51,43,111,67,44,34,23,11,87,51,36,25,17,8
2296,26,000,State - DADRA & NAGAR HAVELI,Total,Age not stated,372,200,172,133,50,83,239,150,89,41,27,14,46,26,20,21,9,12,50,31,19,23,14,9
2297,26,000,State - DADRA & NAGAR HAVELI,Rural,All ages,183114,98305,84809,83972,34255,49717,99142,64050,35092,27374,15424,11950,26687,16288,10399,16968,11513,5455,18679,14200,4479,3179,2242,937
2298,26,000,State - DADRA & NAGAR HAVELI,Rural,0-6,28504,14467,14037,28504,14467,14037,0,0,0,0,0,0,0,0,0,0,0,0,0,0,0,0,0,0
2299,26,000,State - DADRA & NAGAR HAVELI,Rural,7,4290,2227,2063,671,330,341,3619,1897,1722,3547,1851,1696,0,0,0,0,0,0,0,0,0,0,0,0
2300,26,000,State - DADRA & NAGAR HAVELI,Rural,8,4605,2371,2234,286,125,161,4319,2246,2073,4235,2206,2029,0,0,0,0,0,0,0,0,0,0,0,0
2301,26,000,State - DADRA & NAGAR HAVELI,Rural,9,4242,2139,2103,217,86,131,4025,2053,1972,3561,1797,1764,389,217,172,0,0,0,0,0,0,0,0,0
2302,26,000,State - DADRA & NAGAR HAVELI,Rural,10,4945,2539,2406,297,122,175,4648,2417,2231,2789,1477,1312,1783,897,886,0,0,0,0,0,0,0,0,0
2303,26,000,State - DADRA & NAGAR HAVELI,Rural,11,4789,2486,2303,187,61,126,4602,2425,2177,1385,706,679,3136,1673,1463,0,0,0,0,0,0,0,0,0
2304,26,000,State - DADRA & NAGAR HAVELI,Rural,12,4381,2226,2155,243,65,178,4138,2161,1977,705,307,398,3093,1663,1430,259,151,108,0,0,0,0,0,0
2305,26,000,State - DADRA & NAGAR HAVELI,Rural,13,4358,2266,2092,236,58,178,4122,2208,1914,430,193,237,2619,1389,1230,980,572,408,0,0,0,0,0,0
2306,26,000,State - DADRA & NAGAR HAVELI,Rural,14,3879,2047,1832,268,64,204,3611,1983,1628,345,127,218,1576,884,692,1595,924,671,0,0,0,0,0,0
2307,26,000,State - DADRA & NAGAR HAVELI,Rural,15,3786,1993,1793,395,105,290,3391,1888,1503,335,118,217,984,538,446,1629,963,666,341,212,129,0,0,0
2308,26,000,State - DADRA & NAGAR HAVELI,Rural,16,3517,1840,1677,500,120,380,3017,1720,1297,369,135,234,700,398,302,1213,744,469,616,381,235,0,0,0
2309,26,000,State - DADRA & NAGAR HAVELI,Rural,17,3287,1882,1405,484,134,350,2803,1748,1055,338,156,182,594,357,237,911,603,308,822,540,282,0,0,0
2310,26,000,State - DADRA & NAGAR HAVELI,Rural,18,4404,2609,1795,830,241,589,3574,2368,1206,374,170,204,739,474,265,1027,750,277,1193,810,383,0,0,0
2311,26,000,State - DADRA & NAGAR HAVELI,Rural,19,4019,2451,1568,654,181,473,3365,2270,1095,343,167,176,697,441,256,784,560,224,1276,913,363,0,0,0
2312,26,000,State - DADRA & NAGAR HAVELI,Rural,20-24,21932,13066,8866,5330,1388,3942,16602,11678,4924,1919,1078,841,3368,2220,1148,3402,2466,936,5792,4421,1371,750,513,237
2313,26,000,State - DADRA & NAGAR HAVELI,Rural,25-29,17657,10255,7402,6062,1893,4169,11595,8362,3233,1602,1040,562,2263,1576,687,2095,1458,637,3604,2836,768,831,564,267
2314,26,000,State - DADRA & NAGAR HAVELI,Rural,30-34,13100,7322,5778,5760,1960,3800,7340,5362,1978,1214,837,377,1482,1065,417,1342,977,365,2029,1596,433,596,387,209
2315,26,000,State - DADRA & NAGAR HAVELI,Rural,35-39,11438,6209,5229,6193,2225,3968,5245,3984,1261,1092,808,284,1080,798,282,773,591,182,1377,1116,261,462,338,124
2316,26,000,State - DADRA & NAGAR HAVELI,Rural,40-44,9353,4938,4415,6084,2374,3710,3269,2564,705,858,663,195,711,532,179,403,308,95,720,603,117,271,217,54
2317,26,000,State - DADRA & NAGAR HAVELI,Rural,45-49,7831,4059,3772,5512,2199,3313,2319,1860,459,733,582,151,549,429,120,230,184,46,419,361,58,125,104,21
2318,26,000,State - DADRA & NAGAR HAVELI,Rural,50-54,5728,3014,2714,4305,1833,2472,1423,1181,242,472,399,73,337,275,62,143,116,27,242,211,31,71,61,10
2319,26,000,State - DADRA & NAGAR HAVELI,Rural,55-59,4211,2036,2175,3342,1339,2003,869,697,172,293,240,53,247,192,55,83,72,11,114,98,16,34,27,7
2320,26,000,State - DADRA & NAGAR HAVELI,Rural,60-64,3716,1690,2026,3156,1229,1927,560,461,99,216,188,28,165,133,32,39,32,7,58,48,10,17,13,4
2321,26,000,State - DADRA & NAGAR HAVELI,Rural,65-69,2361,1067,1294,2028,807,1221,333,260,73,115,94,21,92,76,16,26,19,7,40,30,10,6,6,0
2322,26,000,State - DADRA & NAGAR HAVELI,Rural,70-74,1485,587,898,1364,481,883,121,106,15,47,46,1,35,29,6,6,6,0,15,9,6,3,3,0
2323,26,000,State - DADRA & NAGAR HAVELI,Rural,75-79,559,208,351,516,183,333,43,25,18,13,8,5,9,4,5,4,4,0,4,3,1,1,1,0
2324,26,000,State - DADRA & NAGAR HAVELI,Rural,80+,517,198,319,442,145,297,75,53,22,15,9,6,24,19,5,13,9,4,7,5,2,3,3,0
2325,26,000,State - DADRA & NAGAR HAVELI,Rural,Age not stated,220,113,107,106,40,66,114,73,41,29,22,7,15,9,6,11,4,7,10,7,3,9,5,4
2326,26,000,State - DADRA & NAGAR HAVELI,Urban,All ages,160595,95455,65140,36507,16984,19523,124088,78471,45617,16335,9058,7277,21749,12515,9234,20417,13406,7011,42197,28872,13325,15995,9985,6010
2327,26,000,State - DADRA & NAGAR HAVELI,Urban,0-6,22391,11964,10427,22391,11964,10427,0,0,0,0,0,0,0,0,0,0,0,0,0,0,0,0,0,0
2328,26,000,State - DADRA & NAGAR HAVELI,Urban,7,3203,1750,1453,539,296,243,2664,1454,1210,2590,1411,1179,0,0,0,0,0,0,0,0,0,0,0,0
2329,26,000,State - DADRA & NAGAR HAVELI,Urban,8,2877,1534,1343,189,99,90,2688,1435,1253,2637,1413,1224,0,0,0,0,0,0,0,0,0,0,0,0
2330,26,000,State - DADRA & NAGAR HAVELI,Urban,9,2698,1509,1189,107,49,58,2591,1460,1131,2266,1286,980,275,147,128,0,0,0,0,0,0,0,0,0
2331,26,000,State - DADRA & NAGAR HAVELI,Urban,10,2890,1512,1378,141,71,70,2749,1441,1308,1619,872,747,1088,541,547,0,0,0,0,0,0,0,0,0
2332,26,000,State - DADRA & NAGAR HAVELI,Urban,11,2608,1409,1199,74,37,37,2534,1372,1162,643,387,256,1846,962,884,0,0,0,0,0,0,0,0,0
2333,26,000,State - DADRA & NAGAR HAVELI,Urban,12,2472,1333,1139,58,24,34,2414,1309,1105,224,123,101,1873,1005,868,270,156,114,0,0,0,0,0,0
2334,26,000,State - DADRA & NAGAR HAVELI,Urban,13,2370,1307,1063,53,26,27,2317,1281,1036,113,66,47,1342,750,592,813,441,372,0,0,0,0,0,0
2335,26,000,State - DADRA & NAGAR HAVELI,Urban,14,2311,1260,1051,71,33,38,2240,1227,1013,67,31,36,655,354,301,1477,813,664,0,0,0,0,0,0
2336,26,000,State - DADRA & NAGAR HAVELI,Urban,15,2262,1287,975,65,33,32,2197,1254,943,62,36,26,371,217,154,1134,657,477,571,309,262,0,0,0
2337,26,000,State - DADRA & NAGAR HAVELI,Urban,16,2148,1247,901,89,48,41,2059,1199,860,85,47,38,248,138,110,732,466,266,923,500,423,0,0,0
2338,26,000,State - DADRA & NAGAR HAVELI,Urban,17,2395,1504,891,89,53,36,2306,1451,855,68,42,26,299,211,88,671,441,230,1201,709,492,0,0,0
2339,26,000,State - DADRA & NAGAR HAVELI,Urban,18,3671,2609,1062,207,136,71,3464,2473,991,180,139,41,590,453,137,840,672,168,1674,1079,595,0,0,0
2340,26,000,State - DADRA & NAGAR HAVELI,Urban,19,3615,2557,1058,226,136,90,3389,2421,968,159,121,38,517,394,123,866,689,177,1651,1067,584,0,0,0
2341,26,000,State - DADRA & NAGAR HAVELI,Urban,20-24,22369,14529,7840,1365,605,760,21004,13924,7080,892,553,339,3011,1930,1081,4150,2981,1169,9337,6347,2990,2325,1269,1056
2342,26,000,State - DADRA & NAGAR HAVELI,Urban,25-29,22228,13241,8987,1763,588,1175,20465,12653,7812,897,469,428,2674,1525,1149,3392,2163,1229,8452,5614,2838,3579,2001,1578
2343,26,000,State - DADRA & NAGAR HAVELI,Urban,30-34,17541,10635,6906,1526,471,1055,16015,10164,5851,723,341,382,1907,1056,851,2298,1464,834,6624,4648,1976,3318,1956,1362
2344,26,000,State - DADRA & NAGAR HAVELI,Urban,35-39,13839,8653,5186,1415,486,929,12424,8167,4257,717,361,356,1576,841,735,1562,994,568,4783,3498,1285,2846,1893,953
2345,26,000,State - DADRA & NAGAR HAVELI,Urban,40-44,8828,5616,3212,1259,376,883,7569,5240,2329,583,331,252,1073,616,457,881,575,306,2764,2111,653,1717,1247,470
2346,26,000,State - DADRA & NAGAR HAVELI,Urban,45-49,5958,3612,2346,1122,353,769,4836,3259,1577,519,295,224,766,448,318,578,390,188,1637,1194,443,990,706,284
2347,26,000,State - DADRA & NAGAR HAVELI,Urban,50-54,3775,2201,1574,820,232,588,2955,1969,986,368,213,155,543,317,226,318,211,107,960,693,267,550,395,155
2348,26,000,State - DADRA & NAGAR HAVELI,Urban,55-59,2740,1490,1250,777,211,566,1963,1279,684,241,138,103,368,209,159,197,134,63,666,443,223,316,241,75
2349,26,000,State - DADRA & NAGAR HAVELI,Urban,60-64,2115,1104,1011,754,225,529,1361,879,482,260,154,106,275,154,121,118,81,37,427,297,130,173,136,37
2350,26,000,State - DADRA & NAGAR HAVELI,Urban,65-69,1355,688,667,561,177,384,794,511,283,148,84,64,188,106,82,52,34,18,253,181,72,86,65,21
2351,26,000,State - DADRA & NAGAR HAVELI,Urban,70-74,824,386,438,402,125,277,422,261,161,120,69,51,103,50,53,26,20,6,93,67,26,40,36,4
2352,26,000,State - DADRA & NAGAR HAVELI,Urban,75-79,399,186,213,171,50,121,228,136,92,63,29,34,43,26,17,11,5,6,61,45,16,19,17,2
2353,26,000,State - DADRA & NAGAR HAVELI,Urban,80+,561,245,316,246,70,176,315,175,140,79,42,37,87,48,39,21,14,7,80,46,34,22,14,8
2354,26,000,State - DADRA & NAGAR HAVELI,Urban,Age not stated,152,87,65,27,10,17,125,77,48,12,5,7,31,17,14,10,5,5,40,24,16,14,9,5
2355,27,000,State - MAHARASHTRA,Total,All ages,112374333,58243056,54131277,30820043,12985472,17834571,81554290,45257584,36296706,15335820,8069806,7266014,16628201,8346143,8282058,12592729,7132530,5460199,23790264,14262044,9528220,8639081,5167671,3471410
2356,27,000,State - MAHARASHTRA,Total,0-6,13326517,7035391,6291126,13326517,7035391,6291126,0,0,0,0,0,0,0,0,0,0,0,0,0,0,0,0,0,0
2357,27,000,State - MAHARASHTRA,Total,7,1961711,1027436,934275,437488,226295,211193,1524223,801141,723082,1466023,768535,697488,0,0,0,0,0,0,0,0,0,0,0,0
2358,27,000,State - MAHARASHTRA,Total,8,1935680,1019451,916229,165320,83777,81543,1770360,935674,834686,1736156,916840,819316,0,0,0,0,0,0,0,0,0,0,0,0
2359,27,000,State - MAHARASHTRA,Total,9,1958772,1035528,923244,109810,55308,54502,1848962,980220,868742,1707532,906863,800669,109751,55754,53997,0,0,0,0,0,0,0,0,0
2360,27,000,State - MAHARASHTRA,Total,10,2317339,1227446,1089893,143889,71860,72029,2173450,1155586,1017864,1577003,845852,731151,557256,287777,269479,0,0,0,0,0,0,0,0,0
2361,27,000,State - MAHARASHTRA,Total,11,2163710,1141531,1022179,89624,43763,45861,2074086,1097768,976318,665202,361300,303902,1375309,717809,657500,0,0,0,0,0,0,0,0,0
2362,27,000,State - MAHARASHTRA,Total,12,2101229,1111511,989718,86469,40994,45475,2014760,1070517,944243,246557,135360,111197,1591233,841886,749347,143694,74910,68784,0,0,0,0,0,0
2363,27,000,State - MAHARASHTRA,Total,13,2072737,1086667,986070,75304,35442,39862,1997433,1051225,946208,116323,62856,53467,1340022,712484,627538,508589,258278,250311,0,0,0,0,0,0
2364,27,000,State - MAHARASHTRA,Total,14,2079520,1095106,984414,81850,38581,43269,1997670,1056525,941145,87631,46557,41074,661075,360707,300368,1213196,629944,583252,0,0,0,0,0,0
2365,27,000,State - MAHARASHTRA,Total,15,2118780,1128043,990737,102225,48409,53816,2016555,1079634,936921,87941,48058,39883,327186,180739,146447,1137714,613358,524356,421393,214572,206821,0,0,0
2366,27,000,State - MAHARASHTRA,Total,16,2088367,1117920,970447,96738,46324,50414,1991629,1071596,920033,84565,46207,38358,234053,126589,107464,661415,372968,288447,965659,500700,464959,0,0,0
2367,27,000,State - MAHARASHTRA,Total,17,1987095,1073589,913506,89866,43627,46239,1897229,1029962,867267,74007,41729,32278,200063,108082,91981,370292,213930,156362,1204023,639585,564438,0,0,0
2368,27,000,State - MAHARASHTRA,Total,18,2377052,1296423,1080629,140496,64703,75793,2236556,1231720,1004836,105122,58569,46553,276271,147704,128567,369105,213513,155592,1411413,771896,639517,0,0,0
2369,27,000,State - MAHARASHTRA,Total,19,2055973,1094425,961548,114080,48272,65808,1941893,1046153,895740,82352,42572,39780,232057,115559,116498,305964,169270,136694,1250221,682294,567927,0,0,0
2370,27,000,State - MAHARASHTRA,Total,20-24,11090966,5845114,5245852,832751,325290,507461,10258215,5519824,4738391,529894,263800,266094,1426284,682335,743949,1753628,966780,786848,4582154,2584593,1997561,1487385,778084,709301
2371,27,000,State - MAHARASHTRA,Total,25-29,10147113,5272560,4874553,1041110,378439,662671,9106003,4894121,4211882,604827,286874,317953,1329075,596103,732972,1532356,836932,695424,3293719,1893332,1400387,1804106,1002480,801626
2372,27,000,State - MAHARASHTRA,Total,30-34,8796307,4536297,4260010,1226479,412295,814184,7569828,4124002,3445826,689571,312670,376901,1215631,526613,689018,1213358,675666,537692,2612090,1583722,1028368,1365860,786496,579364
2373,27,000,State - MAHARASHTRA,Total,35-39,8247160,4209434,4037726,1516492,484336,1032156,6730668,3725098,3005570,814409,372439,441970,1201711,513160,688551,999211,573914,425297,2167027,1373837,793190,1098452,669444,429008
2374,27,000,State - MAHARASHTRA,Total,40-44,7196089,3744825,3451264,1650280,546469,1103811,5545809,3198356,2347453,876113,437511,438602,1060170,487454,572716,740095,453458,286637,1618645,1073138,545507,853098,548326,304772
2375,27,000,State - MAHARASHTRA,Total,45-49,6032454,3116218,2916236,1590074,519125,1070949,4442380,2597093,1845287,836657,440057,396600,916336,449797,466539,542409,343584,198825,1206549,805421,401128,601737,392447,209290
2376,27,000,State - MAHARASHTRA,Total,50-54,4919317,2580991,2338326,1408275,463089,945186,3511042,2117902,1393140,695953,376472,319481,731123,382560,348563,387856,259555,128301,962273,659266,303007,453722,301425,152297
2377,27,000,State - MAHARASHTRA,Total,55-59,3885814,1974129,1911685,1213318,356862,856456,2672496,1617267,1055229,533020,281144,251876,547593,285950,261643,251859,166897,84962,738283,514484,223799,376536,261961,114575
2378,27,000,State - MAHARASHTRA,Total,60-64,3642480,1716639,1925841,1477206,411890,1065316,2165274,1304749,860525,521979,278147,243832,451988,244833,207155,181165,122276,58889,534407,381712,152695,249685,178662,71023
2379,27,000,State - MAHARASHTRA,Total,65-69,3078352,1440238,1638114,1439629,421180,1018449,1638723,1019058,619665,486703,284818,201885,337784,201411,136373,117268,82084,35184,354242,258648,95594,140551,102972,37579
2380,27,000,State - MAHARASHTRA,Total,70-74,2143136,1039292,1103844,1108400,366066,742334,1034736,673226,361510,331906,215923,115983,225089,148592,76497,59066,41870,17196,189116,138755,50361,83767,60808,22959
2381,27,000,State - MAHARASHTRA,Total,75-79,1062773,515431,547342,529589,172468,357121,533184,342963,190221,169213,109967,59246,114523,74404,40119,29248,19264,9984,101084,71739,29345,46821,34462,12359
2382,27,000,State - MAHARASHTRA,Total,80+,1180194,542109,638085,625458,202159,423299,554736,339950,214786,161821,103918,57903,117415,72996,44419,39599,23652,15947,105289,70077,35212,45791,31326,14465
2383,27,000,State - MAHARASHTRA,Total,Age not stated,407696,219312,188384,101306,43058,58248,306390,176254,130136,47340,24768,22572,49203,24845,24358,35642,20427,15215,72677,44273,28404,31570,18778,12792
2384,27,000,State - MAHARASHTRA,Rural,All ages,61556074,31539034,30017040,20073313,8147559,11925754,41482761,23391475,18091286,9911854,5299069,4612785,9436900,4784289,4652611,6828364,3917698,2910666,10524811,6593303,3931508,2007858,1440447,567411
2385,27,000,State - MAHARASHTRA,Rural,0-6,7688954,4067399,3621555,7688954,4067399,3621555,0,0,0,0,0,0,0,0,0,0,0,0,0,0,0,0,0,0
2386,27,000,State - MAHARASHTRA,Rural,7,1104823,576762,528061,268032,137582,130450,836791,439180,397611,802367,420199,382168,0,0,0,0,0,0,0,0,0,0,0,0
2387,27,000,State - MAHARASHTRA,Rural,8,1123298,589439,533859,100286,49882,50404,1023012,539557,483455,1002043,528189,473854,0,0,0,0,0,0,0,0,0,0,0,0
2388,27,000,State - MAHARASHTRA,Rural,9,1151347,606638,544709,65020,31882,33138,1086327,574756,511571,1024417,541992,482425,42306,21969,20337,0,0,0,0,0,0,0,0,0
2389,27,000,State - MAHARASHTRA,Rural,10,1348170,711318,636852,85294,41513,43781,1262876,669805,593071,992217,527904,464313,246682,128700,117982,0,0,0,0,0,0,0,0,0
2390,27,000,State - MAHARASHTRA,Rural,11,1263201,664482,598719,53807,25331,28476,1209394,639151,570243,451040,241682,209358,737320,385967,351353,0,0,0,0,0,0,0,0,0
2391,27,000,State - MAHARASHTRA,Rural,12,1223544,644103,579441,54454,24515,29939,1169090,619588,549502,161933,86360,75573,926418,489931,436487,59654,32048,27606,0,0,0,0,0,0
2392,27,000,State - MAHARASHTRA,Rural,13,1209316,631466,577850,47373,21261,26112,1161943,610205,551738,75984,39493,36491,833683,440159,393524,231408,119533,111875,0,0,0,0,0,0
2393,27,000,State - MAHARASHTRA,Rural,14,1211826,636787,575039,52363,23480,28883,1159463,613307,546156,59803,30446,29357,433592,233532,200060,643019,337194,305825,0,0,0,0,0,0
2394,27,000,State - MAHARASHTRA,Rural,15,1231204,654820,576384,66178,29825,36353,1165026,624995,540031,61962,32513,29449,206039,111693,94346,680591,367358,313233,188769,98756,90013,0,0,0
2395,27,000,State - MAHARASHTRA,Rural,16,1215567,652477,563090,62346,28234,34112,1153221,624243,528978,59706,31378,28328,144185,76281,67904,423563,238041,185522,495372,262160,233212,0,0,0
2396,27,000,State - MAHARASHTRA,Rural,17,1115869,605491,510378,55126,24898,30228,1060743,580593,480150,50245,27200,23045,119754,63121,56633,226267,129788,96479,633594,344107,289487,0,0,0
2397,27,000,State - MAHARASHTRA,Rural,18,1318542,717166,601376,86872,35731,51141,1231670,681435,550235,71061,37338,33723,163022,82988,80034,218273,123865,94408,732483,413003,319480,0,0,0
2398,27,000,State - MAHARASHTRA,Rural,19,1098483,579270,519213,68714,25018,43696,1029769,554252,475517,54509,25931,28578,135675,62967,72708,182603,98379,84224,613741,345783,267958,0,0,0
2399,27,000,State - MAHARASHTRA,Rural,20-24,5764844,3018199,2746645,512910,177013,335897,5251934,2841186,2410748,357071,166255,190816,831258,373022,458236,1028511,555337,473174,2292991,1328267,964724,460875,278017,182858
2400,27,000,State - MAHARASHTRA,Rural,25-29,5025278,2589352,2435926,652533,217021,435512,4372745,2372331,2000414,410938,188562,222376,755873,319570,436303,854815,460546,394269,1583482,938839,644643,465294,312064,153230
2401,27,000,State - MAHARASHTRA,Rural,30-34,4395201,2218757,2176444,811318,252200,559118,3583883,1966557,1617326,482132,214996,267136,695800,287279,408521,660782,367947,292835,1160374,739920,420454,316391,224555,91836
2402,27,000,State - MAHARASHTRA,Rural,35-39,4223357,2111275,2112082,1037537,313174,724363,3185820,1798101,1387719,571479,263918,307561,680597,286232,394365,521488,310159,211329,896788,616048,280740,252702,195480,57222
2403,27,000,State - MAHARASHTRA,Rural,40-44,3763589,1924940,1838649,1166113,373522,792591,2597476,1551418,1046058,618665,318559,300106,590342,278366,311976,361835,238524,123311,603246,447564,155682,184667,151492,33175
2404,27,000,State - MAHARASHTRA,Rural,45-49,3167108,1607153,1559955,1135333,365436,769897,2031775,1241717,790058,584346,323195,261151,498968,261386,237582,247390,172286,75104,392071,298766,93305,104243,87298,16945
2405,27,000,State - MAHARASHTRA,Rural,50-54,2619829,1344947,1274882,1019544,331835,687709,1600285,1013112,587173,484032,277450,206582,399326,226975,172351,173970,128694,45276,304401,239855,64546,66676,56185,10491
2406,27,000,State - MAHARASHTRA,Rural,55-59,2117255,1038978,1078277,904083,262981,641102,1213172,775997,437175,368810,209313,159497,297323,173377,123946,113318,84876,28442,231269,189785,41484,61940,53365,8575
2407,27,000,State - MAHARASHTRA,Rural,60-64,2155343,970755,1184588,1121319,312454,808865,1034024,658301,375723,358156,207181,150975,242404,149418,92986,79676,62125,17551,160925,137610,23315,43055,37887,5168
2408,27,000,State - MAHARASHTRA,Rural,65-69,2008912,920144,1088768,1142757,343614,799143,866155,576530,289625,344371,222018,122353,191947,133017,58930,53954,43218,10736,108853,94009,14844,23233,20691,2542
2409,27,000,State - MAHARASHTRA,Rural,70-74,1411217,684770,726447,872892,302185,570707,538325,382585,155740,228937,166119,62818,123870,96924,26946,23316,19357,3959,47357,41629,5728,10960,9597,1363
2410,27,000,State - MAHARASHTRA,Rural,75-79,664727,324175,340552,412449,142340,270109,252278,181835,70443,108346,81424,26922,57875,46283,11592,10113,8072,2041,21597,18385,3212,4961,4331,630
2411,27,000,State - MAHARASHTRA,Rural,80+,729341,339248,390093,467706,161726,305980,261635,177522,84113,98004,73903,24101,57121,42241,14880,16305,10406,5899,28398,20366,8032,5979,4630,1349
2412,27,000,State - MAHARASHTRA,Rural,Age not stated,205929,108723,97206,62000,25507,36493,143929,83216,60713,29280,15551,13729,25520,12891,12629,17513,9945,7568,29100,18451,10649,6882,4855,2027
2413,27,000,State - MAHARASHTRA,Urban,All ages,50818259,26704022,24114237,10746730,4837913,5908817,40071529,21866109,18205420,5423966,2770737,2653229,7191301,3561854,3629447,5764365,3214832,2549533,13265453,7668741,5596712,6631223,3727224,2903999
2414,27,000,State - MAHARASHTRA,Urban,0-6,5637563,2967992,2669571,5637563,2967992,2669571,0,0,0,0,0,0,0,0,0,0,0,0,0,0,0,0,0,0
2415,27,000,State - MAHARASHTRA,Urban,7,856888,450674,406214,169456,88713,80743,687432,361961,325471,663656,348336,315320,0,0,0,0,0,0,0,0,0,0,0,0
2416,27,000,State - MAHARASHTRA,Urban,8,812382,430012,382370,65034,33895,31139,747348,396117,351231,734113,388651,345462,0,0,0,0,0,0,0,0,0,0,0,0
2417,27,000,State - MAHARASHTRA,Urban,9,807425,428890,378535,44790,23426,21364,762635,405464,357171,683115,364871,318244,67445,33785,33660,0,0,0,0,0,0,0,0,0
2418,27,000,State - MAHARASHTRA,Urban,10,969169,516128,453041,58595,30347,28248,910574,485781,424793,584786,317948,266838,310574,159077,151497,0,0,0,0,0,0,0,0,0
2419,27,000,State - MAHARASHTRA,Urban,11,900509,477049,423460,35817,18432,17385,864692,458617,406075,214162,119618,94544,637989,331842,306147,0,0,0,0,0,0,0,0,0
2420,27,000,State - MAHARASHTRA,Urban,12,877685,467408,410277,32015,16479,15536,845670,450929,394741,84624,49000,35624,664815,351955,312860,84040,42862,41178,0,0,0,0,0,0
2421,27,000,State - MAHARASHTRA,Urban,13,863421,455201,408220,27931,14181,13750,835490,441020,394470,40339,23363,16976,506339,272325,234014,277181,138745,138436,0,0,0,0,0,0
2422,27,000,State - MAHARASHTRA,Urban,14,867694,458319,409375,29487,15101,14386,838207,443218,394989,27828,16111,11717,227483,127175,100308,570177,292750,277427,0,0,0,0,0,0
2423,27,000,State - MAHARASHTRA,Urban,15,887576,473223,414353,36047,18584,17463,851529,454639,396890,25979,15545,10434,121147,69046,52101,457123,246000,211123,232624,115816,116808,0,0,0
2424,27,000,State - MAHARASHTRA,Urban,16,872800,465443,407357,34392,18090,16302,838408,447353,391055,24859,14829,10030,89868,50308,39560,237852,134927,102925,470287,238540,231747,0,0,0
2425,27,000,State - MAHARASHTRA,Urban,17,871226,468098,403128,34740,18729,16011,836486,449369,387117,23762,14529,9233,80309,44961,35348,144025,84142,59883,570429,295478,274951,0,0,0
2426,27,000,State - MAHARASHTRA,Urban,18,1058510,579257,479253,53624,28972,24652,1004886,550285,454601,34061,21231,12830,113249,64716,48533,150832,89648,61184,678930,358893,320037,0,0,0
2427,27,000,State - MAHARASHTRA,Urban,19,957490,515155,442335,45366,23254,22112,912124,491901,420223,27843,16641,11202,96382,52592,43790,123361,70891,52470,636480,336511,299969,0,0,0
2428,27,000,State - MAHARASHTRA,Urban,20-24,5326122,2826915,2499207,319841,148277,171564,5006281,2678638,2327643,172823,97545,75278,595026,309313,285713,725117,411443,313674,2289163,1256326,1032837,1026510,500067,526443
2429,27,000,State - MAHARASHTRA,Urban,25-29,5121835,2683208,2438627,388577,161418,227159,4733258,2521790,2211468,193889,98312,95577,573202,276533,296669,677541,376386,301155,1710237,954493,755744,1338812,690416,648396
2430,27,000,State - MAHARASHTRA,Urban,30-34,4401106,2317540,2083566,415161,160095,255066,3985945,2157445,1828500,207439,97674,109765,519831,239334,280497,552576,307719,244857,1451716,843802,607914,1049469,561941,487528
2431,27,000,State - MAHARASHTRA,Urban,35-39,4023803,2098159,1925644,478955,171162,307793,3544848,1926997,1617851,242930,108521,134409,521114,226928,294186,477723,263755,213968,1270239,757789,512450,845750,473964,371786
2432,27,000,State - MAHARASHTRA,Urban,40-44,3432500,1819885,1612615,484167,172947,311220,2948333,1646938,1301395,257448,118952,138496,469828,209088,260740,378260,214934,163326,1015399,625574,389825,668431,396834,271597
2433,27,000,State - MAHARASHTRA,Urban,45-49,2865346,1509065,1356281,454741,153689,301052,2410605,1355376,1055229,252311,116862,135449,417368,188411,228957,295019,171298,123721,814478,506655,307823,497494,305149,192345
2434,27,000,State - MAHARASHTRA,Urban,50-54,2299488,1236044,1063444,388731,131254,257477,1910757,1104790,805967,211921,99022,112899,331797,155585,176212,213886,130861,83025,657872,419411,238461,387046,245240,141806
2435,27,000,State - MAHARASHTRA,Urban,55-59,1768559,935151,833408,309235,93881,215354,1459324,841270,618054,164210,71831,92379,250270,112573,137697,138541,82021,56520,507014,324699,182315,314596,208596,106000
2436,27,000,State - MAHARASHTRA,Urban,60-64,1487137,745884,741253,355887,99436,256451,1131250,646448,484802,163823,70966,92857,209584,95415,114169,101489,60151,41338,373482,244102,129380,206630,140775,65855
2437,27,000,State - MAHARASHTRA,Urban,65-69,1069440,520094,549346,296872,77566,219306,772568,442528,330040,142332,62800,79532,145837,68394,77443,63314,38866,24448,245389,164639,80750,117318,82281,35037
2438,27,000,State - MAHARASHTRA,Urban,70-74,731919,354522,377397,235508,63881,171627,496411,290641,205770,102969,49804,53165,101219,51668,49551,35750,22513,13237,141759,97126,44633,72807,51211,21596
2439,27,000,State - MAHARASHTRA,Urban,75-79,398046,191256,206790,117140,30128,87012,280906,161128,119778,60867,28543,32324,56648,28121,28527,19135,11192,7943,79487,53354,26133,41860,30131,11729
2440,27,000,State - MAHARASHTRA,Urban,80+,450853,202861,247992,157752,40433,117319,293101,162428,130673,63817,30015,33802,60294,30755,29539,23294,13246,10048,76891,49711,27180,39812,26696,13116
2441,27,000,State - MAHARASHTRA,Urban,Age not stated,201767,110589,91178,39306,17551,21755,162461,93038,69423,18060,9217,8843,23683,11954,11729,18129,10482,7647,43577,25822,17755,24688,13923,10765
2442,28,000,State - ANDHRA PRADESH,Total,All ages,84580777,42442146,42138631,34024017,14190903,19833114,50556760,28251243,22305517,7437519,3884076,3553443,13449300,6904114,6545186,5572154,3006742,2565412,15028263,8885040,6143223,5577387,3632622,1944765
2443,28,000,State - ANDHRA PRADESH,Total,0-6,9142802,4714950,4427852,9142802,4714950,4427852,0,0,0,0,0,0,0,0,0,0,0,0,0,0,0,0,0,0
2444,28,000,State - ANDHRA PRADESH,Total,7,1483948,764908,719040,401350,206328,195022,1082598,558580,524018,1047318,538506,508812,0,0,0,0,0,0,0,0,0,0,0,0
2445,28,000,State - ANDHRA PRADESH,Total,8,1496883,766274,730609,186206,93512,92694,1310677,672762,637915,1279749,655893,623856,0,0,0,0,0,0,0,0,0,0,0,0
2446,28,000,State - ANDHRA PRADESH,Total,9,1465564,750153,715411,113899,55710,58189,1351665,694443,657222,1102975,572151,530824,218635,105582,113053,0,0,0,0,0,0,0,0,0
2447,28,000,State - ANDHRA PRADESH,Total,10,1767388,913080,854308,126128,60237,65891,1641260,852843,788417,811150,441422,369728,793202,390935,402267,0,0,0,0,0,0,0,0,0
2448,28,000,State - ANDHRA PRADESH,Total,11,1559410,795307,764103,80315,36151,44164,1479095,759156,719939,309062,176421,132641,1137618,564858,572760,0,0,0,0,0,0,0,0,0
2449,28,000,State - ANDHRA PRADESH,Total,12,1676007,859629,816378,93588,40506,53082,1582419,819123,763296,134006,78811,55195,1161538,600483,561055,250876,120133,130743,0,0,0,0,0,0
2450,28,000,State - ANDHRA PRADESH,Total,13,1585749,809422,776327,80133,33600,46533,1505616,775822,729794,56764,31940,24824,697166,372421,324745,717242,352831,364411,0,0,0,0,0,0
2451,28,000,State - ANDHRA PRADESH,Total,14,1613041,831446,781595,93398,39930,53468,1519643,791516,728127,38765,20388,18377,331881,182942,148939,1109780,566965,542815,0,0,0,0,0,0
2452,28,000,State - ANDHRA PRADESH,Total,15,1652368,861559,790809,122343,54572,67771,1530025,806987,723038,38891,20423,18468,214723,116186,98537,558368,307488,250880,670046,336761,333285,0,0,0
2453,28,000,State - ANDHRA PRADESH,Total,16,1576131,824000,752131,116404,51327,65077,1459727,772673,687054,35552,18667,16885,175455,91964,83491,252547,146599,105948,941369,485840,455529,0,0,0
2454,28,000,State - ANDHRA PRADESH,Total,17,1466112,780993,685119,107410,47358,60052,1358702,733635,625067,30822,16528,14294,155540,81512,74028,131225,77767,53458,983094,526324,456770,0,0,0
2455,28,000,State - ANDHRA PRADESH,Total,18,1877103,960859,916244,208441,79721,128720,1668662,881138,787524,48770,24058,24712,250523,121424,129099,142924,79160,63764,1144066,613468,530598,0,0,0
2456,28,000,State - ANDHRA PRADESH,Total,19,1522033,768896,753137,167408,58964,108444,1354625,709932,644693,37773,17961,19812,198685,92673,106012,103701,55365,48336,941271,506608,434663,0,0,0
2457,28,000,State - ANDHRA PRADESH,Total,20-24,8132094,4055697,4076397,1383362,469916,913446,6748732,3585781,3162951,248287,112829,135458,1270399,586486,683913,506890,268060,238830,2940254,1615335,1324919,1347035,780087,566948
2458,28,000,State - ANDHRA PRADESH,Total,25-29,7799036,3809887,3989149,2062915,705422,1357493,5736121,3104465,2631656,308513,133768,174745,1351531,627414,724117,442600,236972,205628,1877991,1072376,805615,1271661,777520,494141
2459,28,000,State - ANDHRA PRADESH,Total,30-34,6584371,3300407,3283964,2203906,796200,1407706,4380465,2504207,1876258,294296,135107,159189,1103564,539873,563691,338206,189918,148288,1440834,898934,541900,822480,529020,293460
2460,28,000,State - ANDHRA PRADESH,Total,35-39,6507339,3198512,3308827,2683079,952658,1730421,3824260,2245854,1578406,309377,148421,160956,1025525,514112,511413,283108,161552,121556,1247483,819412,428071,607714,405323,202391
2461,28,000,State - ANDHRA PRADESH,Total,40-44,5399473,2794398,2605075,2578831,1035571,1543260,2820642,1758827,1061815,263054,141482,121572,774032,422203,351829,185204,109935,75269,865314,597968,267346,465022,328201,136821
2462,28,000,State - ANDHRA PRADESH,Total,45-49,4657269,2374633,2282636,2449814,989001,1460813,2207455,1385632,821823,238430,132200,106230,673831,374395,299436,138225,80726,57499,591691,412589,179102,347983,257187,90796
2463,28,000,State - ANDHRA PRADESH,Total,50-54,3657386,1862583,1794803,2056441,837562,1218879,1600945,1025021,575924,183004,104755,78249,515305,299242,216063,108930,65677,43253,407030,287451,119579,223799,170283,53516
2464,28,000,State - ANDHRA PRADESH,Total,55-59,2909598,1350539,1559059,1697385,586927,1110458,1212213,763612,448601,142698,76055,66643,388213,214558,173655,87255,53077,34178,301328,215794,85534,167064,132412,34652
2465,28,000,State - ANDHRA PRADESH,Total,60-64,3199837,1485764,1714073,2122724,785239,1337485,1077113,700525,376588,155485,89117,66368,370110,216286,153824,74590,46991,27599,234863,179467,55396,116997,96364,20633
2466,28,000,State - ANDHRA PRADESH,Total,65-69,2167854,1034360,1133494,1469638,567087,902551,698216,467273,230943,112614,69745,42869,248715,153894,94821,46739,30658,16081,145374,112482,32892,60622,50850,9772
2467,28,000,State - ANDHRA PRADESH,Total,70-74,1519358,752743,766615,1079462,446793,632669,439896,305950,133946,73261,48518,24743,153899,99750,54149,28299,19083,9216,88591,71416,17175,38364,32741,5623
2468,28,000,State - ANDHRA PRADESH,Total,75-79,636989,307474,329515,428684,166369,262315,208305,141105,67200,35046,22588,12458,72816,44854,27962,13348,8722,4626,40494,32518,7976,19303,16528,2775
2469,28,000,State - ANDHRA PRADESH,Total,80+,754203,325987,428216,516327,178988,337339,237876,146999,90877,37502,23049,14453,79130,46497,32633,15993,9767,6226,46236,31981,14255,22752,16303,6449
2470,28,000,State - ANDHRA PRADESH,Total,Age not stated,771431,387686,383745,251624,100304,151320,519807,287382,232425,64355,33273,31082,87264,43570,43694,36104,19296,16808,120934,68316,52618,66591,39803,26788
2471,28,000,State - ANDHRA PRADESH,Rural,All ages,56361702,28243241,28118461,26010637,10847641,15162996,30351065,17395600,12955465,5284438,2791703,2492735,9157499,4848653,4308846,3671765,2052920,1618845,8283695,5151939,3131756,1921725,1382454,539271
2472,28,000,State - ANDHRA PRADESH,Rural,0-6,6152022,3169288,2982734,6152022,3169288,2982734,0,0,0,0,0,0,0,0,0,0,0,0,0,0,0,0,0,0
2473,28,000,State - ANDHRA PRADESH,Rural,7,1008383,519134,489249,294909,151721,143188,713474,367413,346061,693248,355988,337260,0,0,0,0,0,0,0,0,0,0,0,0
2474,28,000,State - ANDHRA PRADESH,Rural,8,1031850,527460,504390,135726,68165,67561,896124,459295,436829,877824,449476,428348,0,0,0,0,0,0,0,0,0,0,0,0
2475,28,000,State - ANDHRA PRADESH,Rural,9,996772,508816,487956,79850,38779,41071,916922,470037,446885,761796,393976,367820,137509,66429,71080,0,0,0,0,0,0,0,0,0
2476,28,000,State - ANDHRA PRADESH,Rural,10,1198576,618712,579864,88869,41731,47138,1109707,576981,532726,559903,304434,255469,528426,260845,267581,0,0,0,0,0,0,0,0,0
2477,28,000,State - ANDHRA PRADESH,Rural,11,1042395,531833,510562,54956,24122,30834,987439,507711,479728,210900,120397,90503,757616,377095,380521,0,0,0,0,0,0,0,0,0
2478,28,000,State - ANDHRA PRADESH,Rural,12,1149916,591236,558680,69393,29038,40355,1080523,562198,518325,94462,55081,39381,809276,420074,389202,154644,75221,79423,0,0,0,0,0,0
2479,28,000,State - ANDHRA PRADESH,Rural,13,1079830,552120,527710,58735,23781,34954,1021095,528339,492756,39598,21832,17766,485596,259047,226549,474337,236044,238293,0,0,0,0,0,0
2480,28,000,State - ANDHRA PRADESH,Rural,14,1094685,565959,528726,69540,28690,40850,1025145,537269,487876,27907,14283,13624,232997,127602,105395,739470,382185,357285,0,0,0,0,0,0
2481,28,000,State - ANDHRA PRADESH,Rural,15,1104994,578647,526347,92842,40462,52380,1012152,538185,473967,28948,14759,14189,155165,82786,72379,385207,213419,171788,411940,210793,201147,0,0,0
2482,28,000,State - ANDHRA PRADESH,Rural,16,1031865,544177,487688,88009,38012,49997,943856,506165,437691,26636,13665,12971,129477,66840,62637,177417,103838,73579,576393,303790,272603,0,0,0
2483,28,000,State - ANDHRA PRADESH,Rural,17,942837,510581,432256,78789,33879,44910,864048,476702,387346,22070,11575,10495,112018,58696,53322,92600,55561,37039,602192,331931,270261,0,0,0
2484,28,000,State - ANDHRA PRADESH,Rural,18,1270200,659517,610683,163251,60905,102346,1106949,598612,508337,37618,18110,19508,189787,91947,97840,105449,59550,45899,719641,400386,319255,0,0,0
2485,28,000,State - ANDHRA PRADESH,Rural,19,984173,507071,477102,126471,43234,83237,857702,463837,393865,28344,13237,15107,144707,67487,77220,74996,40994,34002,563174,318003,245171,0,0,0
2486,28,000,State - ANDHRA PRADESH,Rural,20-24,5263277,2682670,2580607,1075901,358687,717214,4187376,2323983,1863393,192470,86829,105641,922054,429886,492168,360614,197023,163591,1806417,1053457,752960,630712,410998,219714
2487,28,000,State - ANDHRA PRADESH,Rural,25-29,4995581,2453142,2542439,1632973,554438,1078535,3362608,1898704,1463904,242955,106192,136763,958174,453621,504553,301477,169241,132236,1069019,658211,410808,504813,353707,151106
2488,28,000,State - ANDHRA PRADESH,Rural,30-34,4233619,2106915,2126704,1766130,638635,1127495,2467489,1468280,999209,233352,109121,124231,766770,387471,379299,223974,133888,90086,758115,515472,242643,265899,195583,70316
2489,28,000,State - ANDHRA PRADESH,Rural,35-39,4246358,2064444,2181914,2137868,766610,1371258,2108490,1297834,810656,241823,119742,122081,689979,364205,325774,179956,111760,68196,621216,449279,171937,177114,135762,41352
2490,28,000,State - ANDHRA PRADESH,Rural,40-44,3540901,1819821,1721080,2061415,843896,1217519,1479486,975925,503561,202433,113966,88467,503199,294504,208695,109459,71962,37497,393993,303330,90663,123055,99604,23451
2491,28,000,State - ANDHRA PRADESH,Rural,45-49,3067300,1549594,1517706,1948160,806340,1141820,1119140,743254,375886,179465,105098,74367,424327,256904,167423,75307,49808,25499,241817,189906,51911,80667,67893,12774
2492,28,000,State - ANDHRA PRADESH,Rural,50-54,2441460,1229218,1212242,1646077,689029,957048,795383,540189,255194,135504,82491,53013,321122,205302,115820,56443,38680,17763,150768,120463,30305,44287,37827,6460
2493,28,000,State - ANDHRA PRADESH,Rural,55-59,1975179,878394,1096785,1375181,484694,890487,599998,393700,206298,104986,59663,45323,242347,147303,95044,44957,31345,13612,108702,87825,20877,30961,27156,3805
2494,28,000,State - ANDHRA PRADESH,Rural,60-64,2342553,1066864,1275689,1762588,672262,1090326,579965,394602,185363,116409,71480,44929,240128,154568,85560,39560,28542,11018,88440,75535,12905,21815,19762,2053
2495,28,000,State - ANDHRA PRADESH,Rural,65-69,1624701,774178,850523,1230154,493352,736802,394547,280826,113721,84797,56900,27897,164775,113903,50872,25683,19503,6180,56634,47919,8715,11518,10476,1042
2496,28,000,State - ANDHRA PRADESH,Rural,70-74,1148018,573247,574771,900757,389482,511275,247261,183765,63496,54492,39337,15155,100928,73074,27854,15441,12134,3307,34232,30038,4194,7436,6719,717
2497,28,000,State - ANDHRA PRADESH,Rural,75-79,460041,224296,235745,349146,143226,205920,110895,81070,29825,24958,17850,7108,45305,31896,13409,7021,5493,1528,14790,12917,1873,3365,3029,336
2498,28,000,State - ANDHRA PRADESH,Rural,80+,532778,234293,298485,409790,151159,258631,122988,83134,39854,25869,17644,8225,47982,32088,15894,8465,5982,2483,16980,12753,4227,4228,3234,994
2499,28,000,State - ANDHRA PRADESH,Rural,Age not stated,401438,201614,199824,161135,64024,97111,240303,137590,102713,35671,18577,17094,47835,25080,22755,19288,10747,8541,49232,29931,19301,15855,10704,5151
2500,28,000,State - ANDHRA PRADESH,Urban,All ages,28219075,14198905,14020170,8013380,3343262,4670118,20205695,10855643,9350052,2153081,1092373,1060708,4291801,2055461,2236340,1900389,953822,946567,6744568,3733101,3011467,3655662,2250168,1405494
2501,28,000,State - ANDHRA PRADESH,Urban,0-6,2990780,1545662,1445118,2990780,1545662,1445118,0,0,0,0,0,0,0,0,0,0,0,0,0,0,0,0,0,0
2502,28,000,State - ANDHRA PRADESH,Urban,7,475565,245774,229791,106441,54607,51834,369124,191167,177957,354070,182518,171552,0,0,0,0,0,0,0,0,0,0,0,0
2503,28,000,State - ANDHRA PRADESH,Urban,8,465033,238814,226219,50480,25347,25133,414553,213467,201086,401925,206417,195508,0,0,0,0,0,0,0,0,0,0,0,0
2504,28,000,State - ANDHRA PRADESH,Urban,9,468792,241337,227455,34049,16931,17118,434743,224406,210337,341179,178175,163004,81126,39153,41973,0,0,0,0,0,0,0,0,0
2505,28,000,State - ANDHRA PRADESH,Urban,10,568812,294368,274444,37259,18506,18753,531553,275862,255691,251247,136988,114259,264776,130090,134686,0,0,0,0,0,0,0,0,0
2506,28,000,State - ANDHRA PRADESH,Urban,11,517015,263474,253541,25359,12029,13330,491656,251445,240211,98162,56024,42138,380002,187763,192239,0,0,0,0,0,0,0,0,0
2507,28,000,State - ANDHRA PRADESH,Urban,12,526091,268393,257698,24195,11468,12727,501896,256925,244971,39544,23730,15814,352262,180409,171853,96232,44912,51320,0,0,0,0,0,0
2508,28,000,State - ANDHRA PRADESH,Urban,13,505919,257302,248617,21398,9819,11579,484521,247483,237038,17166,10108,7058,211570,113374,98196,242905,116787,126118,0,0,0,0,0,0
2509,28,000,State - ANDHRA PRADESH,Urban,14,518356,265487,252869,23858,11240,12618,494498,254247,240251,10858,6105,4753,98884,55340,43544,370310,184780,185530,0,0,0,0,0,0
2510,28,000,State - ANDHRA PRADESH,Urban,15,547374,282912,264462,29501,14110,15391,517873,268802,249071,9943,5664,4279,59558,33400,26158,173161,94069,79092,258106,125968,132138,0,0,0
2511,28,000,State - ANDHRA PRADESH,Urban,16,544266,279823,264443,28395,13315,15080,515871,266508,249363,8916,5002,3914,45978,25124,20854,75130,42761,32369,364976,182050,182926,0,0,0
2512,28,000,State - ANDHRA PRADESH,Urban,17,523275,270412,252863,28621,13479,15142,494654,256933,237721,8752,4953,3799,43522,22816,20706,38625,22206,16419,380902,194393,186509,0,0,0
2513,28,000,State - ANDHRA PRADESH,Urban,18,606903,301342,305561,45190,18816,26374,561713,282526,279187,11152,5948,5204,60736,29477,31259,37475,19610,17865,424425,213082,211343,0,0,0
2514,28,000,State - ANDHRA PRADESH,Urban,19,537860,261825,276035,40937,15730,25207,496923,246095,250828,9429,4724,4705,53978,25186,28792,28705,14371,14334,378097,188605,189492,0,0,0
2515,28,000,State - ANDHRA PRADESH,Urban,20-24,2868817,1373027,1495790,307461,111229,196232,2561356,1261798,1299558,55817,26000,29817,348345,156600,191745,146276,71037,75239,1133837,561878,571959,716323,369089,347234
2516,28,000,State - ANDHRA PRADESH,Urban,25-29,2803455,1356745,1446710,429942,150984,278958,2373513,1205761,1167752,65558,27576,37982,393357,173793,219564,141123,67731,73392,808972,414165,394807,766848,423813,343035
2517,28,000,State - ANDHRA PRADESH,Urban,30-34,2350752,1193492,1157260,437776,157565,280211,1912976,1035927,877049,60944,25986,34958,336794,152402,184392,114232,56030,58202,682719,383462,299257,556581,333437,223144
2518,28,000,State - ANDHRA PRADESH,Urban,35-39,2260981,1134068,1126913,545211,186048,359163,1715770,948020,767750,67554,28679,38875,335546,149907,185639,103152,49792,53360,626267,370133,256134,430600,269561,161039
2519,28,000,State - ANDHRA PRADESH,Urban,40-44,1858572,974577,883995,517416,191675,325741,1341156,782902,558254,60621,27516,33105,270833,127699,143134,75745,37973,37772,471321,294638,176683,341967,228597,113370
2520,28,000,State - ANDHRA PRADESH,Urban,45-49,1589969,825039,764930,501654,182661,318993,1088315,642378,445937,58965,27102,31863,249504,117491,132013,62918,30918,32000,349874,222683,127191,267316,189294,78022
2521,28,000,State - ANDHRA PRADESH,Urban,50-54,1215926,633365,582561,410364,148533,261831,805562,484832,320730,47500,22264,25236,194183,93940,100243,52487,26997,25490,256262,166988,89274,179512,132456,47056
2522,28,000,State - ANDHRA PRADESH,Urban,55-59,934419,472145,462274,322204,102233,219971,612215,369912,242303,37712,16392,21320,145866,67255,78611,42298,21732,20566,192626,127969,64657,136103,105256,30847
2523,28,000,State - ANDHRA PRADESH,Urban,60-64,857284,418900,438384,360136,112977,247159,497148,305923,191225,39076,17637,21439,129982,61718,68264,35030,18449,16581,146423,103932,42491,95182,76602,18580
2524,28,000,State - ANDHRA PRADESH,Urban,65-69,543153,260182,282971,239484,73735,165749,303669,186447,117222,27817,12845,14972,83940,39991,43949,21056,11155,9901,88740,64563,24177,49104,40374,8730
2525,28,000,State - ANDHRA PRADESH,Urban,70-74,371340,179496,191844,178705,57311,121394,192635,122185,70450,18769,9181,9588,52971,26676,26295,12858,6949,5909,54359,41378,12981,30928,26022,4906
2526,28,000,State - ANDHRA PRADESH,Urban,75-79,176948,83178,93770,79538,23143,56395,97410,60035,37375,10088,4738,5350,27511,12958,14553,6327,3229,3098,25704,19601,6103,15938,13499,2439
2527,28,000,State - ANDHRA PRADESH,Urban,80+,221425,91694,129731,106537,27829,78708,114888,63865,51023,11633,5405,6228,31148,14409,16739,7528,3785,3743,29256,19228,10028,18524,13069,5455
2528,28,000,State - ANDHRA PRADESH,Urban,Age not stated,369993,186072,183921,90489,36280,54209,279504,149792,129712,28684,14696,13988,39429,18490,20939,16816,8549,8267,71702,38385,33317,50736,29099,21637
2529,29,000,State - KARNATAKA,Total,All ages,61095297,30966657,30128640,20447975,8458186,11989789,40647322,22508471,18138851,6924069,3655942,3268127,9493106,4944027,4549079,5161708,2869395,2292313,12381901,7129491,5252410,4043647,2489209,1554438
2530,29,000,State - KARNATAKA,Total,0-6,7161033,3675291,3485742,7161033,3675291,3485742,0,0,0,0,0,0,0,0,0,0,0,0,0,0,0,0,0,0
2531,29,000,State - KARNATAKA,Total,7,1019047,523831,495216,212233,107367,104866,806814,416464,390350,782385,402909,379476,0,0,0,0,0,0,0,0,0,0,0,0
2532,29,000,State - KARNATAKA,Total,8,1055117,540621,514496,79680,38026,41654,975437,502595,472842,958275,493046,465229,0,0,0,0,0,0,0,0,0,0,0,0
2533,29,000,State - KARNATAKA,Total,9,1053031,538951,514080,52477,24271,28206,1000554,514680,485874,913282,471108,442174,71432,34873,36559,0,0,0,0,0,0,0,0,0
2534,29,000,State - KARNATAKA,Total,10,1224051,629780,594271,72242,33478,38764,1151809,596302,555507,790759,414973,375786,341407,170436,170971,0,0,0,0,0,0,0,0,0
2535,29,000,State - KARNATAKA,Total,11,1125702,575938,549764,44375,19492,24883,1081327,556446,524881,278522,149749,128773,785488,397308,388180,0,0,0,0,0,0,0,0,0
2536,29,000,State - KARNATAKA,Total,12,1159844,596025,563819,52708,22062,30646,1107136,573963,533173,83554,46492,37062,913900,473113,440787,90316,43994,46322,0,0,0,0,0,0
2537,29,000,State - KARNATAKA,Total,13,1091404,562002,529402,43463,17818,25645,1047941,544184,503757,32531,17441,15090,675826,357775,318051,320218,158694,161524,0,0,0,0,0,0
2538,29,000,State - KARNATAKA,Total,14,1135645,591542,544103,54341,23306,31035,1081304,568236,513068,28901,15152,13749,313684,172012,141672,716007,368823,347184,0,0,0,0,0,0
2539,29,000,State - KARNATAKA,Total,15,1145252,602212,543040,66945,29567,37378,1078307,572645,505662,30004,16278,13726,146714,81171,65543,625685,337660,288025,248319,122610,125709,0,0,0
2540,29,000,State - KARNATAKA,Total,16,1129795,592938,536857,69249,31111,38138,1060546,561827,498719,32976,18110,14866,123781,67675,56106,321093,183389,137704,548924,274373,274551,0,0,0
2541,29,000,State - KARNATAKA,Total,17,1048278,551764,496514,60130,26868,33262,988148,524896,463252,27900,15817,12083,108887,59681,49206,150907,89253,61654,663458,340310,323148,0,0,0
2542,29,000,State - KARNATAKA,Total,18,1381362,724617,656745,121789,51330,70459,1259573,673287,586286,49223,27480,21743,182467,96935,85532,164385,95681,68704,801563,420401,381162,0,0,0
2543,29,000,State - KARNATAKA,Total,19,1122590,570517,552073,91741,33978,57763,1030849,536539,494310,36610,19469,17141,143114,71441,71673,118710,65888,52822,676971,351478,325493,0,0,0
2544,29,000,State - KARNATAKA,Total,20-24,6052558,3109586,2942972,684094,250002,434092,5368464,2859584,2508880,251336,133614,117722,907140,454093,453047,611528,341307,270221,2476303,1347180,1129123,773949,400949,373000
2545,29,000,State - KARNATAKA,Total,25-29,5771606,2879254,2892352,980889,336956,643933,4790717,2542298,2248419,315459,154934,160525,924405,443364,481041,555047,303732,251315,1754843,969249,785594,870421,478600,391821
2546,29,000,State - KARNATAKA,Total,30-34,4698380,2389594,2308786,1046865,364751,682114,3651515,2024843,1626672,304657,148540,156117,712643,343832,368811,396144,224978,171166,1315004,777713,537291,632042,375445,256597
2547,29,000,State - KARNATAKA,Total,35-39,4695451,2319088,2376363,1408657,472659,935998,3286794,1846429,1440365,365207,179152,186055,698182,334791,363391,324590,183321,141269,1125697,689120,436577,493215,313342,179873
2548,29,000,State - KARNATAKA,Total,40-44,3826712,1977768,1848944,1356826,504523,852303,2469886,1473245,996641,327020,176270,150750,553669,291870,261799,215027,128521,86506,796617,513566,283051,356566,240324,116242
2549,29,000,State - KARNATAKA,Total,45-49,3519782,1804833,1714949,1404354,526686,877668,2115428,1278147,837281,323962,179283,144679,525984,288368,237616,167124,101674,65450,615029,398209,216820,285557,201086,84471
2550,29,000,State - KARNATAKA,Total,50-54,2699270,1381969,1317301,1158471,432732,725739,1540799,949237,591562,242068,135672,106396,387740,220717,167023,113437,70320,43117,438409,286689,151720,211355,152825,58530
2551,29,000,State - KARNATAKA,Total,55-59,2142504,1056054,1086450,946402,316568,629834,1196102,739486,456616,196312,108049,88263,296689,166870,129819,85171,53219,31952,335737,222230,113507,167187,125682,41505
2552,29,000,State - KARNATAKA,Total,60-64,2060052,994630,1065422,1087571,374379,713192,972481,620251,352230,188631,110080,78551,251689,149010,102679,70177,44395,25782,244293,170112,74181,114325,89621,24704
2553,29,000,State - KARNATAKA,Total,65-69,1520119,723687,796432,850686,290619,560067,669433,433068,236365,154851,93161,61690,182019,112210,69809,49302,31572,17730,148607,106758,41849,58978,47360,11618
2554,29,000,State - KARNATAKA,Total,70-74,1061125,510419,550706,638583,226915,411668,422542,283504,139038,97592,61621,35971,117507,76670,40837,30605,20523,10082,88585,65503,23082,36468,29992,6476
2555,29,000,State - KARNATAKA,Total,75-79,524426,249834,274592,301493,102582,198911,222933,147252,75681,52762,32314,20448,60597,38126,22471,15838,10245,5593,47368,35340,12028,19429,16166,3263
2556,29,000,State - KARNATAKA,Total,80+,625310,268502,356808,388053,119458,268595,237257,149044,88213,55427,33228,22199,62989,38991,23998,17602,10556,7046,49685,34818,14867,20835,15626,5209
2557,29,000,State - KARNATAKA,Total,Age not stated,45851,25410,20441,12625,5391,7234,33226,20019,13207,3863,2000,1863,5153,2695,2458,2795,1650,1145,6489,3832,2657,3320,2191,1129
2558,29,000,State - KARNATAKA,Rural,All ages,37469335,18929354,18539981,14820159,6035917,8784242,22649176,12893437,9755739,4719828,2535393,2184435,6052956,3241250,2811706,3241101,1866652,1374449,5979561,3632377,2347184,982319,694998,287321
2559,29,000,State - KARNATAKA,Rural,0-6,4517645,2317069,2200576,4517645,2317069,2200576,0,0,0,0,0,0,0,0,0,0,0,0,0,0,0,0,0,0
2560,29,000,State - KARNATAKA,Rural,7,631368,324548,306820,143896,72224,71672,487472,252324,235148,472469,244059,228410,0,0,0,0,0,0,0,0,0,0,0,0
2561,29,000,State - KARNATAKA,Rural,8,667973,341778,326195,54434,25598,28836,613539,316180,297359,602867,310325,292542,0,0,0,0,0,0,0,0,0,0,0,0
2562,29,000,State - KARNATAKA,Rural,9,672128,343118,329010,35310,15988,19322,636818,327130,309688,588927,303162,285765,37941,18625,19316,0,0,0,0,0,0,0,0,0
2563,29,000,State - KARNATAKA,Rural,10,776384,398223,378161,48534,21876,26658,727850,376347,351503,524923,273795,251128,190814,95963,94851,0,0,0,0,0,0,0,0,0
2564,29,000,State - KARNATAKA,Rural,11,710668,363973,346695,30211,12840,17371,680457,351133,329324,185671,98533,87138,483855,246815,237040,0,0,0,0,0,0,0,0,0
2565,29,000,State - KARNATAKA,Rural,12,744498,382923,361575,38839,15613,23226,705659,367310,338349,55777,29934,25843,589423,306829,282594,47684,23813,23871,0,0,0,0,0,0
2566,29,000,State - KARNATAKA,Rural,13,696674,359889,336785,31743,12492,19251,664931,347397,317534,22282,11276,11006,449493,238380,211113,180245,90985,89260,0,0,0,0,0,0
2567,29,000,State - KARNATAKA,Rural,14,734251,384717,349534,40739,16869,23870,693512,367848,325664,21312,10651,10661,217764,118450,99314,438564,230275,208289,0,0,0,0,0,0
2568,29,000,State - KARNATAKA,Rural,15,741382,392971,348411,50436,21731,28705,690946,371240,319706,22817,11871,10946,102196,55160,47036,417877,228327,189550,128418,65333,63085,0,0,0
2569,29,000,State - KARNATAKA,Rural,16,724778,384180,340598,52794,22927,29867,671984,361253,310731,25179,13375,11804,88306,47507,40799,224655,128981,95674,309681,158340,151341,0,0,0
2570,29,000,State - KARNATAKA,Rural,17,646553,346121,300432,43876,19137,24739,602677,326984,275693,20085,11089,8996,75420,40650,34770,104593,62117,42476,376688,199202,177486,0,0,0
2571,29,000,State - KARNATAKA,Rural,18,876891,467781,409110,92584,37924,54660,784307,429857,354450,37395,20384,17011,129887,68414,61473,116214,68389,47825,457272,249358,207914,0,0,0
2572,29,000,State - KARNATAKA,Rural,19,668660,342756,325904,67231,23802,43429,601429,318954,282475,26702,13726,12976,98203,48386,49817,81089,45050,36039,358221,192819,165402,0,0,0
2573,29,000,State - KARNATAKA,Rural,20-24,3549425,1849584,1699841,507006,178697,328309,3042419,1670887,1371532,187152,97767,89385,615986,308116,307870,411886,233428,178458,1342242,762214,580028,258051,147991,110060
2574,29,000,State - KARNATAKA,Rural,25-29,3283508,1645487,1638021,735970,245321,490649,2547538,1400166,1147372,236386,115707,120679,607935,293911,314024,361457,203733,157724,884457,515147,369310,227251,148840,78411
2575,29,000,State - KARNATAKA,Rural,30-34,2657749,1332397,1325352,800340,271978,528362,1857409,1060419,796990,228980,112219,116761,454873,221352,233521,246862,145956,100906,607862,383205,224657,141120,101378,39742
2576,29,000,State - KARNATAKA,Rural,35-39,2770958,1337639,1433319,1084713,358635,726078,1686245,979004,707241,272444,136560,135884,432393,212227,220166,193602,115529,78073,498201,331367,166834,116085,90451,25634
2577,29,000,State - KARNATAKA,Rural,40-44,2320355,1183334,1137021,1064966,396071,668895,1255389,787263,468126,244461,136262,108199,342019,189206,152813,122421,79194,43227,327344,236353,90991,81349,67324,14025
2578,29,000,State - KARNATAKA,Rural,45-49,2165676,1103911,1061765,1098022,417904,680118,1067654,686007,381647,238289,138704,99585,319769,188270,131499,92702,62863,29839,234777,174475,60302,58788,50481,8307
2579,29,000,State - KARNATAKA,Rural,50-54,1665456,844160,821296,912757,347473,565284,752699,496687,256012,176006,104817,71189,234006,145730,88276,61026,43175,17851,154096,117847,36249,36473,31706,4767
2580,29,000,State - KARNATAKA,Rural,55-59,1323457,636709,686748,748057,255565,492492,575400,381144,194256,140797,83245,57552,178265,111127,67138,45049,32526,12523,113764,89543,24221,27466,24447,3019
2581,29,000,State - KARNATAKA,Rural,60-64,1352255,642294,709961,866982,307770,559212,485273,334524,150749,135016,85429,49587,151531,101710,49821,36099,26952,9147,78887,66147,12740,17819,16324,1495
2582,29,000,State - KARNATAKA,Rural,65-69,1039482,491844,547638,685139,242489,442650,354343,249355,104988,111266,73492,37774,110838,78608,32230,25769,19574,6195,48225,40920,7305,8287,7644,643
2583,29,000,State - KARNATAKA,Rural,70-74,736309,352315,383994,516298,190540,325758,220011,161775,58236,68608,47954,20654,70146,53143,17003,15541,12508,3033,27229,23839,3390,4486,4126,360
2584,29,000,State - KARNATAKA,Rural,75-79,350060,166285,183775,239516,85342,154174,110544,80943,29601,35366,24481,10885,34145,25715,8430,7718,6149,1569,14107,12447,1660,2071,1877,194
2585,29,000,State - KARNATAKA,Rural,80+,418963,179395,239568,303736,98535,205201,115227,80860,34367,35860,25103,10757,34341,25111,9230,8200,5989,2211,15246,12073,3173,2425,1978,447
2586,29,000,State - KARNATAKA,Rural,Age not stated,25829,13953,11876,8385,3507,4878,17444,10446,6998,2791,1473,1318,3407,1845,1562,1848,1139,709,2844,1748,1096,648,431,217
2587,29,000,State - KARNATAKA,Urban,All ages,23625962,12037303,11588659,5627816,2422269,3205547,17998146,9615034,8383112,2204241,1120549,1083692,3440150,1702777,1737373,1920607,1002743,917864,6402340,3497114,2905226,3061328,1794211,1267117
2588,29,000,State - KARNATAKA,Urban,0-6,2643388,1358222,1285166,2643388,1358222,1285166,0,0,0,0,0,0,0,0,0,0,0,0,0,0,0,0,0,0
2589,29,000,State - KARNATAKA,Urban,7,387679,199283,188396,68337,35143,33194,319342,164140,155202,309916,158850,151066,0,0,0,0,0,0,0,0,0,0,0,0
2590,29,000,State - KARNATAKA,Urban,8,387144,198843,188301,25246,12428,12818,361898,186415,175483,355408,182721,172687,0,0,0,0,0,0,0,0,0,0,0,0
2591,29,000,State - KARNATAKA,Urban,9,380903,195833,185070,17167,8283,8884,363736,187550,176186,324355,167946,156409,33491,16248,17243,0,0,0,0,0,0,0,0,0
2592,29,000,State - KARNATAKA,Urban,10,447667,231557,216110,23708,11602,12106,423959,219955,204004,265836,141178,124658,150593,74473,76120,0,0,0,0,0,0,0,0,0
2593,29,000,State - KARNATAKA,Urban,11,415034,211965,203069,14164,6652,7512,400870,205313,195557,92851,51216,41635,301633,150493,151140,0,0,0,0,0,0,0,0,0
2594,29,000,State - KARNATAKA,Urban,12,415346,213102,202244,13869,6449,7420,401477,206653,194824,27777,16558,11219,324477,166284,158193,42632,20181,22451,0,0,0,0,0,0
2595,29,000,State - KARNATAKA,Urban,13,394730,202113,192617,11720,5326,6394,383010,196787,186223,10249,6165,4084,226333,119395,106938,139973,67709,72264,0,0,0,0,0,0
2596,29,000,State - KARNATAKA,Urban,14,401394,206825,194569,13602,6437,7165,387792,200388,187404,7589,4501,3088,95920,53562,42358,277443,138548,138895,0,0,0,0,0,0
2597,29,000,State - KARNATAKA,Urban,15,403870,209241,194629,16509,7836,8673,387361,201405,185956,7187,4407,2780,44518,26011,18507,207808,109333,98475,119901,57277,62624,0,0,0
2598,29,000,State - KARNATAKA,Urban,16,405017,208758,196259,16455,8184,8271,388562,200574,187988,7797,4735,3062,35475,20168,15307,96438,54408,42030,239243,116033,123210,0,0,0
2599,29,000,State - KARNATAKA,Urban,17,401725,205643,196082,16254,7731,8523,385471,197912,187559,7815,4728,3087,33467,19031,14436,46314,27136,19178,286770,141108,145662,0,0,0
2600,29,000,State - KARNATAKA,Urban,18,504471,256836,247635,29205,13406,15799,475266,243430,231836,11828,7096,4732,52580,28521,24059,48171,27292,20879,344291,171043,173248,0,0,0
2601,29,000,State - KARNATAKA,Urban,19,453930,227761,226169,24510,10176,14334,429420,217585,211835,9908,5743,4165,44911,23055,21856,37621,20838,16783,318750,158659,160091,0,0,0
2602,29,000,State - KARNATAKA,Urban,20-24,2503133,1260002,1243131,177088,71305,105783,2326045,1188697,1137348,64184,35847,28337,291154,145977,145177,199642,107879,91763,1134061,584966,549095,515898,252958,262940
2603,29,000,State - KARNATAKA,Urban,25-29,2488098,1233767,1254331,244919,91635,153284,2243179,1142132,1101047,79073,39227,39846,316470,149453,167017,193590,99999,93591,870386,454102,416284,643170,329760,313410
2604,29,000,State - KARNATAKA,Urban,30-34,2040631,1057197,983434,246525,92773,153752,1794106,964424,829682,75677,36321,39356,257770,122480,135290,149282,79022,70260,707142,394508,312634,490922,274067,216855
2605,29,000,State - KARNATAKA,Urban,35-39,1924493,981449,943044,323944,114024,209920,1600549,867425,733124,92763,42592,50171,265789,122564,143225,130988,67792,63196,627496,357753,269743,377130,222891,154239
2606,29,000,State - KARNATAKA,Urban,40-44,1506357,794434,711923,291860,108452,183408,1214497,685982,528515,82559,40008,42551,211650,102664,108986,92606,49327,43279,469273,277213,192060,275217,173000,102217
2607,29,000,State - KARNATAKA,Urban,45-49,1354106,700922,653184,306332,108782,197550,1047774,592140,455634,85673,40579,45094,206215,100098,106117,74422,38811,35611,380252,223734,156518,226769,150605,76164
2608,29,000,State - KARNATAKA,Urban,50-54,1033814,537809,496005,245714,85259,160455,788100,452550,335550,66062,30855,35207,153734,74987,78747,52411,27145,25266,284313,168842,115471,174882,121119,53763
2609,29,000,State - KARNATAKA,Urban,55-59,819047,419345,399702,198345,61003,137342,620702,358342,262360,55515,24804,30711,118424,55743,62681,40122,20693,19429,221973,132687,89286,139721,101235,38486
2610,29,000,State - KARNATAKA,Urban,60-64,707797,352336,355461,220589,66609,153980,487208,285727,201481,53615,24651,28964,100158,47300,52858,34078,17443,16635,165406,103965,61441,96506,73297,23209
2611,29,000,State - KARNATAKA,Urban,65-69,480637,231843,248794,165547,48130,117417,315090,183713,131377,43585,19669,23916,71181,33602,37579,23533,11998,11535,100382,65838,34544,50691,39716,10975
2612,29,000,State - KARNATAKA,Urban,70-74,324816,158104,166712,122285,36375,85910,202531,121729,80802,28984,13667,15317,47361,23527,23834,15064,8015,7049,61356,41664,19692,31982,25866,6116
2613,29,000,State - KARNATAKA,Urban,75-79,174366,83549,90817,61977,17240,44737,112389,66309,46080,17396,7833,9563,26452,12411,14041,8120,4096,4024,33261,22893,10368,17358,14289,3069
2614,29,000,State - KARNATAKA,Urban,80+,206347,89107,117240,84317,20923,63394,122030,68184,53846,19567,8125,11442,28648,13880,14768,9402,4567,4835,34439,22745,11694,18410,13648,4762
2615,29,000,State - KARNATAKA,Urban,Age not stated,20022,11457,8565,4240,1884,2356,15782,9573,6209,1072,527,545,1746,850,896,947,511,436,3645,2084,1561,2672,1760,912
2616,30,000,State - GOA,Total,All ages,1458545,739140,719405,293058,123317,169741,1165487,615823,549664,161303,80497,80806,181495,94300,87195,166523,91716,74807,402429,226752,175677,146828,74077,72751
2617,30,000,State - GOA,Total,0-6,144611,74460,70151,144611,74460,70151,0,0,0,0,0,0,0,0,0,0,0,0,0,0,0,0,0,0
2618,30,000,State - GOA,Total,7,21365,11068,10297,3595,1882,1713,17770,9186,8584,16896,8729,8167,0,0,0,0,0,0,0,0,0,0,0,0
2619,30,000,State - GOA,Total,8,20261,10515,9746,1132,557,575,19129,9958,9171,18593,9657,8936,0,0,0,0,0,0,0,0,0,0,0,0
2620,30,000,State - GOA,Total,9,20934,10646,10288,815,391,424,20119,10255,9864,18629,9491,9138,1043,521,522,0,0,0,0,0,0,0,0,0
2621,30,000,State - GOA,Total,10,23764,12265,11499,920,441,479,22844,11824,11020,15906,8293,7613,6378,3222,3156,0,0,0,0,0,0,0,0,0
2622,30,000,State - GOA,Total,11,22821,11821,11000,617,281,336,22204,11540,10664,6274,3423,2851,15385,7827,7558,0,0,0,0,0,0,0,0,0
2623,30,000,State - GOA,Total,12,21334,11171,10163,474,206,268,20860,10965,9895,1999,1166,833,17176,8928,8248,1240,630,610,0,0,0,0,0,0
2624,30,000,State - GOA,Total,13,21458,11002,10456,444,197,247,21014,10805,10209,913,522,391,14415,7447,6968,5198,2570,2628,0,0,0,0,0,0
2625,30,000,State - GOA,Total,14,21612,11158,10454,453,202,251,21159,10956,10203,562,335,227,7023,3943,3080,13091,6427,6664,0,0,0,0,0,0
2626,30,000,State - GOA,Total,15,21859,11343,10516,517,220,297,21342,11123,10219,460,265,195,3525,2081,1444,10294,5409,4885,6544,3082,3462,0,0,0
2627,30,000,State - GOA,Total,16,21041,11005,10036,495,226,269,20546,10779,9767,463,262,201,2259,1333,926,5968,3315,2653,11343,5602,5741,0,0,0
2628,30,000,State - GOA,Total,17,21037,10844,10193,532,258,274,20505,10586,9919,490,258,232,1843,1039,804,4144,2379,1765,13409,6585,6824,0,0,0
2629,30,000,State - GOA,Total,18,24876,13363,11513,884,430,454,23992,12933,11059,696,358,338,2306,1357,949,3684,2143,1541,16282,8483,7799,0,0,0
2630,30,000,State - GOA,Total,19,25062,13520,11542,872,437,435,24190,13083,11107,718,375,343,2090,1191,899,3461,1940,1521,16760,8928,7832,0,0,0
2631,30,000,State - GOA,Total,20-24,130745,70616,60129,6124,2811,3313,124621,67805,56816,3851,2005,1846,12823,7127,5696,17844,10139,7705,59492,34884,24608,22250,9286,12964
2632,30,000,State - GOA,Total,25-29,132626,67744,64882,8017,3203,4814,124609,64541,60068,4524,2163,2361,13274,7053,6221,18457,10224,8233,49413,27338,22075,26799,11816,14983
2633,30,000,State - GOA,Total,30-34,125859,63471,62388,8385,3236,5149,117474,60235,57239,5137,2273,2864,12615,6360,6255,17038,9360,7678,49491,26985,22506,21827,9962,11865
2634,30,000,State - GOA,Total,35-39,126298,63541,62757,10684,3883,6801,115614,59658,55956,6860,2887,3973,13361,6414,6947,17514,9195,8319,46512,26034,20478,19412,9695,9717
2635,30,000,State - GOA,Total,40-44,108512,55504,53008,11758,4035,7723,96754,51469,45285,7587,3270,4317,11736,5793,5943,14575,8119,6456,37114,21435,15679,15409,8151,7258
2636,30,000,State - GOA,Total,45-49,94736,47867,46869,13079,4267,8812,81657,43600,38057,8800,3982,4818,11540,5677,5863,11597,6631,4966,29131,17106,12025,11492,6195,5297
2637,30,000,State - GOA,Total,50-54,76592,38782,37810,12505,3743,8762,64087,35039,29048,8169,3762,4407,9195,4775,4420,8093,4829,3264,21619,12903,8716,9450,5503,3947
2638,30,000,State - GOA,Total,55-59,65553,32021,33532,12838,3473,9365,52715,28548,24167,7635,3453,4182,7557,3845,3712,5609,3268,2341,16935,9995,6940,8170,5196,2974
2639,30,000,State - GOA,Total,60-64,61104,29100,32004,17170,4718,12452,43934,24382,19552,8639,4453,4186,6280,3398,2882,4109,2493,1616,12126,7412,4714,5782,3898,1884
2640,30,000,State - GOA,Total,65-69,41019,19005,22014,13352,3715,9637,27667,15290,12377,6702,3564,3138,3787,1963,1824,2100,1247,853,6907,4311,2596,2935,2098,837
2641,30,000,State - GOA,Total,70-74,29055,12890,16165,10659,2927,7732,18396,9963,8433,5013,2685,2328,2708,1449,1259,1122,669,453,4144,2573,1571,1558,1099,459
2642,30,000,State - GOA,Total,75-79,16536,7228,9308,5608,1487,4121,10928,5741,5187,3077,1607,1470,1615,812,803,595,319,276,2580,1585,995,852,620,232
2643,30,000,State - GOA,Total,80+,15781,6092,9689,6112,1483,4629,9669,4609,5060,2547,1186,1361,1401,666,735,605,286,319,2234,1294,940,758,480,278
2644,30,000,State - GOA,Total,Age not stated,2094,1098,996,406,148,258,1688,950,738,163,73,90,160,79,81,185,124,61,393,217,176,134,78,56
2645,30,000,State - GOA,Rural,All ages,551731,275436,276295,120460,48293,72167,431271,227143,204128,68444,34450,33994,72753,37650,35103,73201,40225,32976,137838,77803,60035,34633,17361,17272
2646,30,000,State - GOA,Rural,0-6,54014,27772,26242,54014,27772,26242,0,0,0,0,0,0,0,0,0,0,0,0,0,0,0,0,0,0
2647,30,000,State - GOA,Rural,7,7946,4093,3853,1357,712,645,6589,3381,3208,6250,3199,3051,0,0,0,0,0,0,0,0,0,0,0,0
2648,30,000,State - GOA,Rural,8,7468,3821,3647,384,194,190,7084,3627,3457,6898,3529,3369,0,0,0,0,0,0,0,0,0,0,0,0
2649,30,000,State - GOA,Rural,9,7775,3911,3864,234,114,120,7541,3797,3744,7020,3528,3492,355,181,174,0,0,0,0,0,0,0,0,0
2650,30,000,State - GOA,Rural,10,8934,4509,4425,283,144,139,8651,4365,4286,6183,3146,3037,2245,1099,1146,0,0,0,0,0,0,0,0,0
2651,30,000,State - GOA,Rural,11,8504,4289,4215,189,87,102,8315,4202,4113,2453,1309,1144,5648,2783,2865,0,0,0,0,0,0,0,0,0
2652,30,000,State - GOA,Rural,12,7932,4146,3786,150,64,86,7782,4082,3700,791,468,323,6413,3320,3093,409,205,204,0,0,0,0,0,0
2653,30,000,State - GOA,Rural,13,8091,4167,3924,152,68,84,7939,4099,3840,370,207,163,5663,2926,2737,1719,869,850,0,0,0,0,0,0
2654,30,000,State - GOA,Rural,14,8205,4193,4012,152,62,90,8053,4131,3922,232,140,92,2893,1635,1258,4746,2268,2478,0,0,0,0,0,0
2655,30,000,State - GOA,Rural,15,8123,4133,3990,157,68,89,7966,4065,3901,190,110,80,1515,865,650,3902,1993,1909,2164,995,1169,0,0,0
2656,30,000,State - GOA,Rural,16,7912,4129,3783,166,81,85,7746,4048,3698,170,95,75,918,527,391,2543,1380,1163,3892,1928,1964,0,0,0
2657,30,000,State - GOA,Rural,17,8058,4145,3913,177,91,86,7881,4054,3827,174,94,80,794,419,375,1959,1107,852,4686,2300,2386,0,0,0
2658,30,000,State - GOA,Rural,18,9116,4815,4301,279,130,149,8837,4685,4152,262,123,139,874,497,377,1671,910,761,5640,2944,2696,0,0,0
2659,30,000,State - GOA,Rural,19,9162,4778,4384,307,156,151,8855,4622,4233,259,137,122,821,466,355,1647,863,784,5682,2920,2762,0,0,0
2660,30,000,State - GOA,Rural,20-24,47290,24590,22700,1889,831,1058,45401,23759,21642,1502,723,779,5098,2720,2378,8361,4467,3894,20844,11661,9183,6424,2590,3834
2661,30,000,State - GOA,Rural,25-29,49917,25250,24667,2594,984,1610,47323,24266,23057,1933,845,1088,5446,2753,2693,9102,4909,4193,18571,10159,8412,7448,3290,4158
2662,30,000,State - GOA,Rural,30-34,48264,24210,24054,2933,1044,1889,45331,23166,22165,2450,1006,1444,5512,2634,2878,8464,4605,3859,18604,10182,8422,5655,2636,3019
2663,30,000,State - GOA,Rural,35-39,48386,24268,24118,4188,1341,2847,44198,22927,21271,3517,1405,2112,5874,2760,3114,8323,4435,3888,16882,9615,7267,4616,2426,2190
2664,30,000,State - GOA,Rural,40-44,40382,20562,19820,5094,1572,3522,35288,18990,16298,3963,1696,2267,5033,2460,2573,6670,3865,2805,12151,7197,4954,3244,1839,1405
2665,30,000,State - GOA,Rural,45-49,35607,17794,17813,6095,1783,4312,29512,16011,13501,4615,2212,2403,4907,2473,2434,4951,2970,1981,9166,5538,3628,2070,1150,920
2666,30,000,State - GOA,Rural,50-54,28856,14247,14609,6126,1715,4411,22730,12532,10198,4268,2093,2175,3806,2086,1720,3296,2057,1239,6508,3982,2526,1610,1001,609
2667,30,000,State - GOA,Rural,55-59,25084,12044,13040,6397,1631,4766,18687,10413,8274,3724,1886,1838,3140,1757,1383,2241,1349,892,5144,3240,1904,1468,978,490
2668,30,000,State - GOA,Rural,60-64,24296,11280,13016,8715,2391,6324,15581,8889,6692,3899,2221,1678,2446,1406,1040,1545,979,566,3519,2338,1181,1054,742,312
2669,30,000,State - GOA,Rural,65-69,16890,7627,9263,6989,2080,4909,9901,5547,4354,3014,1766,1248,1400,781,619,765,479,286,1845,1215,630,495,353,142
2670,30,000,State - GOA,Rural,70-74,11833,5024,6809,5505,1564,3941,6328,3460,2868,2027,1212,815,868,510,358,386,241,145,1103,715,388,251,171,80
2671,30,000,State - GOA,Rural,75-79,6436,2742,3694,2789,762,2027,3647,1980,1667,1201,718,483,527,293,234,200,115,85,665,430,235,134,94,40
2672,30,000,State - GOA,Rural,80+,6332,2413,3919,2970,790,2180,3362,1623,1739,985,541,444,489,267,222,207,95,112,628,352,276,119,66,53
2673,30,000,State - GOA,Rural,Age not stated,918,484,434,175,62,113,743,422,321,94,41,53,68,32,36,94,64,30,144,92,52,45,25,20
2674,30,000,State - GOA,Urban,All ages,906814,463704,443110,172598,75024,97574,734216,388680,345536,92859,46047,46812,108742,56650,52092,93322,51491,41831,264591,148949,115642,112195,56716,55479
2675,30,000,State - GOA,Urban,0-6,90597,46688,43909,90597,46688,43909,0,0,0,0,0,0,0,0,0,0,0,0,0,0,0,0,0,0
2676,30,000,State - GOA,Urban,7,13419,6975,6444,2238,1170,1068,11181,5805,5376,10646,5530,5116,0,0,0,0,0,0,0,0,0,0,0,0
2677,30,000,State - GOA,Urban,8,12793,6694,6099,748,363,385,12045,6331,5714,11695,6128,5567,0,0,0,0,0,0,0,0,0,0,0,0
2678,30,000,State - GOA,Urban,9,13159,6735,6424,581,277,304,12578,6458,6120,11609,5963,5646,688,340,348,0,0,0,0,0,0,0,0,0
2679,30,000,State - GOA,Urban,10,14830,7756,7074,637,297,340,14193,7459,6734,9723,5147,4576,4133,2123,2010,0,0,0,0,0,0,0,0,0
2680,30,000,State - GOA,Urban,11,14317,7532,6785,428,194,234,13889,7338,6551,3821,2114,1707,9737,5044,4693,0,0,0,0,0,0,0,0,0
2681,30,000,State - GOA,Urban,12,13402,7025,6377,324,142,182,13078,6883,6195,1208,698,510,10763,5608,5155,831,425,406,0,0,0,0,0,0
2682,30,000,State - GOA,Urban,13,13367,6835,6532,292,129,163,13075,6706,6369,543,315,228,8752,4521,4231,3479,1701,1778,0,0,0,0,0,0
2683,30,000,State - GOA,Urban,14,13407,6965,6442,301,140,161,13106,6825,6281,330,195,135,4130,2308,1822,8345,4159,4186,0,0,0,0,0,0
2684,30,000,State - GOA,Urban,15,13736,7210,6526,360,152,208,13376,7058,6318,270,155,115,2010,1216,794,6392,3416,2976,4380,2087,2293,0,0,0
2685,30,000,State - GOA,Urban,16,13129,6876,6253,329,145,184,12800,6731,6069,293,167,126,1341,806,535,3425,1935,1490,7451,3674,3777,0,0,0
2686,30,000,State - GOA,Urban,17,12979,6699,6280,355,167,188,12624,6532,6092,316,164,152,1049,620,429,2185,1272,913,8723,4285,4438,0,0,0
2687,30,000,State - GOA,Urban,18,15760,8548,7212,605,300,305,15155,8248,6907,434,235,199,1432,860,572,2013,1233,780,10642,5539,5103,0,0,0
2688,30,000,State - GOA,Urban,19,15900,8742,7158,565,281,284,15335,8461,6874,459,238,221,1269,725,544,1814,1077,737,11078,6008,5070,0,0,0
2689,30,000,State - GOA,Urban,20-24,83455,46026,37429,4235,1980,2255,79220,44046,35174,2349,1282,1067,7725,4407,3318,9483,5672,3811,38648,23223,15425,15826,6696,9130
2690,30,000,State - GOA,Urban,25-29,82709,42494,40215,5423,2219,3204,77286,40275,37011,2591,1318,1273,7828,4300,3528,9355,5315,4040,30842,17179,13663,19351,8526,10825
2691,30,000,State - GOA,Urban,30-34,77595,39261,38334,5452,2192,3260,72143,37069,35074,2687,1267,1420,7103,3726,3377,8574,4755,3819,30887,16803,14084,16172,7326,8846
2692,30,000,State - GOA,Urban,35-39,77912,39273,38639,6496,2542,3954,71416,36731,34685,3343,1482,1861,7487,3654,3833,9191,4760,4431,29630,16419,13211,14796,7269,7527
2693,30,000,State - GOA,Urban,40-44,68130,34942,33188,6664,2463,4201,61466,32479,28987,3624,1574,2050,6703,3333,3370,7905,4254,3651,24963,14238,10725,12165,6312,5853
2694,30,000,State - GOA,Urban,45-49,59129,30073,29056,6984,2484,4500,52145,27589,24556,4185,1770,2415,6633,3204,3429,6646,3661,2985,19965,11568,8397,9422,5045,4377
2695,30,000,State - GOA,Urban,50-54,47736,24535,23201,6379,2028,4351,41357,22507,18850,3901,1669,2232,5389,2689,2700,4797,2772,2025,15111,8921,6190,7840,4502,3338
2696,30,000,State - GOA,Urban,55-59,40469,19977,20492,6441,1842,4599,34028,18135,15893,3911,1567,2344,4417,2088,2329,3368,1919,1449,11791,6755,5036,6702,4218,2484
2697,30,000,State - GOA,Urban,60-64,36808,17820,18988,8455,2327,6128,28353,15493,12860,4740,2232,2508,3834,1992,1842,2564,1514,1050,8607,5074,3533,4728,3156,1572
2698,30,000,State - GOA,Urban,65-69,24129,11378,12751,6363,1635,4728,17766,9743,8023,3688,1798,1890,2387,1182,1205,1335,768,567,5062,3096,1966,2440,1745,695
2699,30,000,State - GOA,Urban,70-74,17222,7866,9356,5154,1363,3791,12068,6503,5565,2986,1473,1513,1840,939,901,736,428,308,3041,1858,1183,1307,928,379
2700,30,000,State - GOA,Urban,75-79,10100,4486,5614,2819,725,2094,7281,3761,3520,1876,889,987,1088,519,569,395,204,191,1915,1155,760,718,526,192
2701,30,000,State - GOA,Urban,80+,9449,3679,5770,3142,693,2449,6307,2986,3321,1562,645,917,912,399,513,398,191,207,1606,942,664,639,414,225
2702,30,000,State - GOA,Urban,Age not stated,1176,614,562,231,86,145,945,528,417,69,32,37,92,47,45,91,60,31,249,125,124,89,53,36
2703,31,000,State - LAKSHADWEEP,Total,All ages,64473,33123,31350,11920,5100,6820,52553,28023,24530,9410,4523,4887,12813,6500,6313,11305,5970,5335,13918,8275,5643,2302,1458,844
2704,31,000,State - LAKSHADWEEP,Total,0-6,7255,3797,3458,7255,3797,3458,0,0,0,0,0,0,0,0,0,0,0,0,0,0,0,0,0,0
2705,31,000,State - LAKSHADWEEP,Total,7,1111,566,545,335,168,167,776,398,378,767,391,376,0,0,0,0,0,0,0,0,0,0,0,0
2706,31,000,State - LAKSHADWEEP,Total,8,905,450,455,79,39,40,826,411,415,822,409,413,0,0,0,0,0,0,0,0,0,0,0,0
2707,31,000,State - LAKSHADWEEP,Total,9,1188,595,593,76,35,41,1112,560,552,1047,531,516,58,25,33,0,0,0,0,0,0,0,0,0
2708,31,000,State - LAKSHADWEEP,Total,10,1319,641,678,72,31,41,1247,610,637,896,457,439,343,151,192,0,0,0,0,0,0,0,0,0
2709,31,000,State - LAKSHADWEEP,Total,11,1249,606,643,44,26,18,1205,580,625,322,174,148,872,402,470,0,0,0,0,0,0,0,0,0
2710,31,000,State - LAKSHADWEEP,Total,12,1161,537,624,13,5,8,1148,532,616,73,43,30,1029,471,558,41,18,23,0,0,0,0,0,0
2711,31,000,State - LAKSHADWEEP,Total,13,1150,519,631,5,3,2,1145,516,629,27,16,11,982,438,544,125,60,65,0,0,0,0,0,0
2712,31,000,State - LAKSHADWEEP,Total,14,1119,551,568,12,3,9,1107,548,559,21,9,12,544,279,265,538,259,279,0,0,0,0,0,0
2713,31,000,State - LAKSHADWEEP,Total,15,1159,586,573,8,5,3,1151,581,570,14,11,3,227,143,84,832,393,439,71,30,41,0,0,0
2714,31,000,State - LAKSHADWEEP,Total,16,1133,530,603,12,4,8,1121,526,595,19,4,15,118,72,46,567,278,289,408,168,240,0,0,0
2715,31,000,State - LAKSHADWEEP,Total,17,1152,564,588,18,8,10,1134,556,578,20,7,13,71,41,30,289,180,109,747,323,424,0,0,0
2716,31,000,State - LAKSHADWEEP,Total,18,1140,579,561,19,9,10,1121,570,551,22,12,10,73,52,21,215,125,90,790,374,416,0,0,0
2717,31,000,State - LAKSHADWEEP,Total,19,1040,549,491,25,15,10,1015,534,481,19,6,13,114,61,53,179,118,61,662,323,339,0,0,0
2718,31,000,State - LAKSHADWEEP,Total,20-24,5829,3071,2758,113,60,53,5716,3011,2705,171,102,69,622,342,280,1271,679,592,2984,1614,1370,448,176,272
2719,31,000,State - LAKSHADWEEP,Total,25-29,5967,3135,2832,121,67,54,5846,3068,2778,252,137,115,975,486,489,1609,697,912,2023,1230,793,645,342,303
2720,31,000,State - LAKSHADWEEP,Total,30-34,5437,2777,2660,130,53,77,5307,2724,2583,382,153,229,1186,531,655,1552,705,847,1531,963,568,389,250,139
2721,31,000,State - LAKSHADWEEP,Total,35-39,5389,2756,2633,173,57,116,5216,2699,2517,627,253,374,1447,657,790,1215,629,586,1436,871,565,232,174,58
2722,31,000,State - LAKSHADWEEP,Total,40-44,4608,2453,2155,245,69,176,4363,2384,1979,606,223,383,1235,617,618,1041,563,478,1065,722,343,163,131,32
2723,31,000,State - LAKSHADWEEP,Total,45-49,3810,1975,1835,285,59,226,3525,1916,1609,687,248,439,865,405,460,788,473,315,849,580,269,117,106,11
2724,31,000,State - LAKSHADWEEP,Total,50-54,3066,1625,1441,367,48,319,2699,1577,1122,669,255,414,689,361,328,440,307,133,606,467,139,118,103,15
2725,31,000,State - LAKSHADWEEP,Total,55-59,2901,1513,1388,497,65,432,2404,1448,956,759,332,427,660,417,243,319,234,85,400,307,93,102,93,9
2726,31,000,State - LAKSHADWEEP,Total,60-64,2034,1046,988,548,93,455,1486,953,533,515,255,260,368,261,107,164,146,18,182,159,23,57,57,0
2727,31,000,State - LAKSHADWEEP,Total,65-69,1413,753,660,529,117,412,884,636,248,315,208,107,167,144,23,80,76,4,105,99,6,19,19,0
2728,31,000,State - LAKSHADWEEP,Total,70-74,849,410,439,419,105,314,430,305,125,175,139,36,71,64,7,11,9,2,24,20,4,5,4,1
2729,31,000,State - LAKSHADWEEP,Total,75-79,493,244,249,242,80,162,251,164,87,99,77,22,37,33,4,6,5,1,3,2,1,0,0,0
2730,31,000,State - LAKSHADWEEP,Total,80+,481,221,260,247,61,186,234,160,74,68,59,9,41,34,7,15,9,6,21,18,3,3,2,1
2731,31,000,State - LAKSHADWEEP,Total,Age not stated,115,74,41,31,18,13,84,56,28,16,12,4,19,13,6,8,7,1,11,5,6,4,1,3
2732,31,000,State - LAKSHADWEEP,Rural,All ages,14141,7243,6898,2853,1294,1559,11288,5949,5339,2116,1095,1021,3055,1522,1533,2181,1035,1146,2778,1640,1138,355,256,99
2733,31,000,State - LAKSHADWEEP,Rural,0-6,1815,950,865,1815,950,865,0,0,0,0,0,0,0,0,0,0,0,0,0,0,0,0,0,0
2734,31,000,State - LAKSHADWEEP,Rural,7,272,136,136,122,61,61,150,75,75,149,74,75,0,0,0,0,0,0,0,0,0,0,0,0
2735,31,000,State - LAKSHADWEEP,Rural,8,237,114,123,43,21,22,194,93,101,192,92,100,0,0,0,0,0,0,0,0,0,0,0,0
2736,31,000,State - LAKSHADWEEP,Rural,9,295,158,137,27,15,12,268,143,125,246,135,111,17,6,11,0,0,0,0,0,0,0,0,0
2737,31,000,State - LAKSHADWEEP,Rural,10,312,154,158,16,8,8,296,146,150,223,123,100,70,23,47,0,0,0,0,0,0,0,0,0
2738,31,000,State - LAKSHADWEEP,Rural,11,319,151,168,16,11,5,303,140,163,88,43,45,211,95,116,0,0,0,0,0,0,0,0,0
2739,31,000,State - LAKSHADWEEP,Rural,12,256,119,137,4,1,3,252,118,134,13,8,5,214,103,111,23,7,16,0,0,0,0,0,0
2740,31,000,State - LAKSHADWEEP,Rural,13,262,98,164,1,0,1,261,98,163,10,7,3,220,82,138,29,9,20,0,0,0,0,0,0
2741,31,000,State - LAKSHADWEEP,Rural,14,240,90,150,2,0,2,238,90,148,11,5,6,129,42,87,97,43,54,0,0,0,0,0,0
2742,31,000,State - LAKSHADWEEP,Rural,15,235,111,124,1,1,0,234,110,124,9,8,1,62,41,21,157,59,98,4,1,3,0,0,0
2743,31,000,State - LAKSHADWEEP,Rural,16,217,81,136,3,0,3,214,81,133,9,2,7,24,15,9,111,46,65,68,18,50,0,0,0
2744,31,000,State - LAKSHADWEEP,Rural,17,231,109,122,3,1,2,228,108,120,6,2,4,19,12,7,66,34,32,134,57,77,0,0,0
2745,31,000,State - LAKSHADWEEP,Rural,18,247,117,130,4,2,2,243,115,128,11,6,5,22,16,6,51,23,28,151,68,83,0,0,0
2746,31,000,State - LAKSHADWEEP,Rural,19,217,107,110,4,2,2,213,105,108,6,2,4,28,16,12,44,24,20,116,53,63,0,0,0
2747,31,000,State - LAKSHADWEEP,Rural,20-24,1280,680,600,28,15,13,1252,665,587,49,29,20,183,111,72,263,141,122,599,310,289,56,27,29
2748,31,000,State - LAKSHADWEEP,Rural,25-29,1305,682,623,25,17,8,1280,665,615,60,43,17,243,125,118,287,101,186,446,264,182,85,48,37
2749,31,000,State - LAKSHADWEEP,Rural,30-34,1235,642,593,30,13,17,1205,629,576,80,38,42,271,115,156,334,143,191,346,227,119,72,52,20
2750,31,000,State - LAKSHADWEEP,Rural,35-39,1116,590,526,32,11,21,1084,579,505,123,59,64,343,165,178,220,108,112,268,174,94,38,33,5
2751,31,000,State - LAKSHADWEEP,Rural,40-44,916,478,438,33,12,21,883,466,417,122,52,70,280,145,135,162,75,87,211,129,82,26,23,3
2752,31,000,State - LAKSHADWEEP,Rural,45-49,762,405,357,39,15,24,723,390,333,154,62,92,169,75,94,146,86,60,159,115,44,26,22,4
2753,31,000,State - LAKSHADWEEP,Rural,50-54,669,368,301,51,11,40,618,357,261,155,70,85,181,92,89,81,54,27,127,97,30,21,20,1
2754,31,000,State - LAKSHADWEEP,Rural,55-59,577,298,279,94,13,81,483,285,198,151,73,78,174,97,77,55,38,17,65,53,12,11,11,0
2755,31,000,State - LAKSHADWEEP,Rural,60-64,425,227,198,113,20,93,312,207,105,103,55,48,108,70,38,29,24,5,38,33,5,12,12,0
2756,31,000,State - LAKSHADWEEP,Rural,65-69,319,175,144,135,26,109,184,149,35,65,45,20,53,45,8,12,12,0,32,29,3,6,6,0
2757,31,000,State - LAKSHADWEEP,Rural,70-74,170,75,95,108,26,82,62,49,13,37,28,9,14,13,1,2,1,1,4,3,1,1,1,0
2758,31,000,State - LAKSHADWEEP,Rural,75-79,95,53,42,58,25,33,37,28,9,20,15,5,9,8,1,2,1,1,1,1,0,0,0,0
2759,31,000,State - LAKSHADWEEP,Rural,80+,90,55,35,43,15,28,47,40,7,21,19,2,6,6,0,6,2,4,6,6,0,1,1,0
2760,31,000,State - LAKSHADWEEP,Rural,Age not stated,27,20,7,3,2,1,24,18,6,3,0,3,5,4,1,4,4,0,3,2,1,0,0,0
2761,31,000,State - LAKSHADWEEP,Urban,All ages,50332,25880,24452,9067,3806,5261,41265,22074,19191,7294,3428,3866,9758,4978,4780,9124,4935,4189,11140,6635,4505,1947,1202,745
2762,31,000,State - LAKSHADWEEP,Urban,0-6,5440,2847,2593,5440,2847,2593,0,0,0,0,0,0,0,0,0,0,0,0,0,0,0,0,0,0
2763,31,000,State - LAKSHADWEEP,Urban,7,839,430,409,213,107,106,626,323,303,618,317,301,0,0,0,0,0,0,0,0,0,0,0,0
2764,31,000,State - LAKSHADWEEP,Urban,8,668,336,332,36,18,18,632,318,314,630,317,313,0,0,0,0,0,0,0,0,0,0,0,0
2765,31,000,State - LAKSHADWEEP,Urban,9,893,437,456,49,20,29,844,417,427,801,396,405,41,19,22,0,0,0,0,0,0,0,0,0
2766,31,000,State - LAKSHADWEEP,Urban,10,1007,487,520,56,23,33,951,464,487,673,334,339,273,128,145,0,0,0,0,0,0,0,0,0
2767,31,000,State - LAKSHADWEEP,Urban,11,930,455,475,28,15,13,902,440,462,234,131,103,661,307,354,0,0,0,0,0,0,0,0,0
2768,31,000,State - LAKSHADWEEP,Urban,12,905,418,487,9,4,5,896,414,482,60,35,25,815,368,447,18,11,7,0,0,0,0,0,0
2769,31,000,State - LAKSHADWEEP,Urban,13,888,421,467,4,3,1,884,418,466,17,9,8,762,356,406,96,51,45,0,0,0,0,0,0
2770,31,000,State - LAKSHADWEEP,Urban,14,879,461,418,10,3,7,869,458,411,10,4,6,415,237,178,441,216,225,0,0,0,0,0,0
2771,31,000,State - LAKSHADWEEP,Urban,15,924,475,449,7,4,3,917,471,446,5,3,2,165,102,63,675,334,341,67,29,38,0,0,0
2772,31,000,State - LAKSHADWEEP,Urban,16,916,449,467,9,4,5,907,445,462,10,2,8,94,57,37,456,232,224,340,150,190,0,0,0
2773,31,000,State - LAKSHADWEEP,Urban,17,921,455,466,15,7,8,906,448,458,14,5,9,52,29,23,223,146,77,613,266,347,0,0,0
2774,31,000,State - LAKSHADWEEP,Urban,18,893,462,431,15,7,8,878,455,423,11,6,5,51,36,15,164,102,62,639,306,333,0,0,0
2775,31,000,State - LAKSHADWEEP,Urban,19,823,442,381,21,13,8,802,429,373,13,4,9,86,45,41,135,94,41,546,270,276,0,0,0
2776,31,000,State - LAKSHADWEEP,Urban,20-24,4549,2391,2158,85,45,40,4464,2346,2118,122,73,49,439,231,208,1008,538,470,2385,1304,1081,392,149,243
2777,31,000,State - LAKSHADWEEP,Urban,25-29,4662,2453,2209,96,50,46,4566,2403,2163,192,94,98,732,361,371,1322,596,726,1577,966,611,560,294,266
2778,31,000,State - LAKSHADWEEP,Urban,30-34,4202,2135,2067,100,40,60,4102,2095,2007,302,115,187,915,416,499,1218,562,656,1185,736,449,317,198,119
2779,31,000,State - LAKSHADWEEP,Urban,35-39,4273,2166,2107,141,46,95,4132,2120,2012,504,194,310,1104,492,612,995,521,474,1168,697,471,194,141,53
2780,31,000,State - LAKSHADWEEP,Urban,40-44,3692,1975,1717,212,57,155,3480,1918,1562,484,171,313,955,472,483,879,488,391,854,593,261,137,108,29
2781,31,000,State - LAKSHADWEEP,Urban,45-49,3048,1570,1478,246,44,202,2802,1526,1276,533,186,347,696,330,366,642,387,255,690,465,225,91,84,7
2782,31,000,State - LAKSHADWEEP,Urban,50-54,2397,1257,1140,316,37,279,2081,1220,861,514,185,329,508,269,239,359,253,106,479,370,109,97,83,14
2783,31,000,State - LAKSHADWEEP,Urban,55-59,2324,1215,1109,403,52,351,1921,1163,758,608,259,349,486,320,166,264,196,68,335,254,81,91,82,9
2784,31,000,State - LAKSHADWEEP,Urban,60-64,1609,819,790,435,73,362,1174,746,428,412,200,212,260,191,69,135,122,13,144,126,18,45,45,0
2785,31,000,State - LAKSHADWEEP,Urban,65-69,1094,578,516,394,91,303,700,487,213,250,163,87,114,99,15,68,64,4,73,70,3,13,13,0
2786,31,000,State - LAKSHADWEEP,Urban,70-74,679,335,344,311,79,232,368,256,112,138,111,27,57,51,6,9,8,1,20,17,3,4,3,1
2787,31,000,State - LAKSHADWEEP,Urban,75-79,398,191,207,184,55,129,214,136,78,79,62,17,28,25,3,4,4,0,2,1,1,0,0,0
2788,31,000,State - LAKSHADWEEP,Urban,80+,391,166,225,204,46,158,187,120,67,47,40,7,35,28,7,9,7,2,15,12,3,2,1,1
2789,31,000,State - LAKSHADWEEP,Urban,Age not stated,88,54,34,28,16,12,60,38,22,13,12,1,14,9,5,4,3,1,8,3,5,4,1,3
2790,32,000,State - KERALA,Total,All ages,33406061,16027412,17378649,5270237,2322509,2947728,28135824,13704903,14430921,4401497,2076920,2324577,5065710,2522296,2543414,5059809,2590783,2469026,9706516,4755722,4950794,2531321,1131336,1399985
2791,32,000,State - KERALA,Total,0-6,3472955,1768244,1704711,3472955,1768244,1704711,0,0,0,0,0,0,0,0,0,0,0,0,0,0,0,0,0,0
2792,32,000,State - KERALA,Total,7,510507,260663,249844,68718,35411,33307,441789,225252,216537,431744,219895,211849,0,0,0,0,0,0,0,0,0,0,0,0
2793,32,000,State - KERALA,Total,8,505052,257189,247863,15292,7925,7367,489760,249264,240496,483223,245767,237456,0,0,0,0,0,0,0,0,0,0,0,0
2794,32,000,State - KERALA,Total,9,519690,264628,255062,8935,4614,4321,510755,260014,250741,474498,242124,232374,30102,14671,15431,0,0,0,0,0,0,0,0,0
2795,32,000,State - KERALA,Total,10,580680,296685,283995,11936,6153,5783,568744,290532,278212,380221,198209,182012,181702,88828,92874,0,0,0,0,0,0,0,0,0
2796,32,000,State - KERALA,Total,11,568020,289140,278880,6700,3477,3223,561320,285663,275657,113168,63362,49806,441821,219052,222769,0,0,0,0,0,0,0,0,0
2797,32,000,State - KERALA,Total,12,541784,276952,264832,4455,2226,2229,537329,274726,262603,17942,11005,6937,475330,242501,232829,38111,18057,20054,0,0,0,0,0,0
2798,32,000,State - KERALA,Total,13,578706,293478,285228,4506,2207,2299,574200,291271,282929,5373,3169,2204,377805,198346,179459,184729,86458,98271,0,0,0,0,0,0
2799,32,000,State - KERALA,Total,14,553580,282662,270918,4481,2320,2161,549099,280342,268757,3386,1886,1500,119243,70648,48595,420310,204560,215750,0,0,0,0,0,0
2800,32,000,State - KERALA,Total,15,541700,276123,265577,4663,2382,2281,537037,273741,263296,12018,5561,6457,28862,19228,9634,344535,179407,165128,145500,66327,79173,0,0,0
2801,32,000,State - KERALA,Total,16,515159,261654,253505,4043,1997,2046,511116,259657,251459,45635,20589,25046,11341,7539,3802,126458,76314,50144,321369,151765,169604,0,0,0
2802,32,000,State - KERALA,Total,17,517325,263097,254228,3751,1857,1894,513574,261240,252334,59687,29062,30625,8642,5691,2951,47875,32002,15873,388868,189967,198901,0,0,0
2803,32,000,State - KERALA,Total,18,527597,269522,258075,4645,2378,2267,522952,267144,255808,29397,16361,13036,11015,7186,3829,34904,22456,12448,434788,214356,220432,0,0,0
2804,32,000,State - KERALA,Total,19,508771,257903,250868,4316,2207,2109,504455,255696,248759,13554,7714,5840,11567,7375,4192,33363,20454,12909,430647,212044,218603,0,0,0
2805,32,000,State - KERALA,Total,20-24,2665809,1298826,1366983,29478,14375,15103,2636331,1284451,1351880,40463,20825,19638,90215,55630,34585,319663,175751,143912,1538432,761764,776668,535279,215728,319551
2806,32,000,State - KERALA,Total,25-29,2604092,1203978,1400114,38561,17327,21234,2565531,1186651,1378880,41335,21275,20060,166766,96714,70052,545973,278316,267657,1153234,528585,624649,521868,199715,322153
2807,32,000,State - KERALA,Total,30-34,2455501,1128217,1327284,46205,19077,27128,2409296,1109140,1300156,55613,26144,29469,232108,118099,114009,553935,274859,279076,1082477,495237,587240,350479,134960,215519
2808,32,000,State - KERALA,Total,35-39,2579673,1161819,1417854,76937,27219,49718,2502736,1134600,1368136,115199,49553,65646,362474,165923,196551,547033,258251,288782,1028334,472856,555478,303959,125333,178626
2809,32,000,State - KERALA,Total,40-44,2412498,1117424,1295074,100376,33979,66397,2312122,1083445,1228677,184828,77335,107493,397441,182417,215024,494442,245761,248681,869263,410595,458668,226811,106316,120495
2810,32,000,State - KERALA,Total,45-49,2348530,1105598,1242932,148520,47307,101213,2200010,1058291,1141719,288007,120492,167515,462058,213292,248766,414986,212390,202596,719512,359763,359749,180119,92284,87835
2811,32,000,State - KERALA,Total,50-54,1928145,931191,996954,151882,45522,106360,1776263,885669,890594,300840,132813,168027,417370,203102,214268,314248,161799,152449,503024,265239,237785,129139,71983,57156
2812,32,000,State - KERALA,Total,55-59,1742408,861527,880881,181121,52146,128975,1561287,809381,751906,305334,138657,166677,378093,192681,185412,256277,136946,119331,411163,227913,183250,108326,65431,42895
2813,32,000,State - KERALA,Total,60-64,1414671,685136,729535,202445,55376,147069,1212226,629760,582466,275124,124307,150817,308230,153579,154651,172239,93285,78954,294974,168559,126415,79457,51508,27949
2814,32,000,State - KERALA,Total,65-69,1002134,459232,542902,201551,51654,149897,800583,407578,393005,220804,94481,126323,210638,100936,109702,97711,54001,43710,171649,102395,69254,43016,29722,13294
2815,32,000,State - KERALA,Total,70-74,733372,326562,406810,169706,43070,126636,563666,283492,280174,181281,77093,104188,149781,71684,78097,57508,31424,26084,108247,65948,42299,25144,18366,6778
2816,32,000,State - KERALA,Total,75-79,501367,208317,293050,131508,32400,99108,369859,175917,193942,144220,58665,85555,94977,43136,51841,28892,15147,13745,57789,35073,22716,14896,11305,3591
2817,32,000,State - KERALA,Total,80+,541849,204348,337501,165900,36651,129249,375949,167697,208252,175286,69115,106171,94766,42448,52318,23234,11378,11856,40665,24065,16600,10710,7809,2901
2818,32,000,State - KERALA,Total,Age not stated,34486,17297,17189,6651,3008,3643,27835,14289,13546,3317,1461,1856,3363,1590,1773,3383,1767,1616,6581,3271,3310,2118,876,1242
2819,32,000,State - KERALA,Rural,All ages,17471135,8408054,9063081,2921815,1275624,1646191,14549320,7132430,7416890,2424369,1155194,1269175,2726676,1369388,1357288,2709892,1391467,1318425,4951852,2428568,2523284,1030491,462498,567993
2820,32,000,State - KERALA,Rural,0-6,1823664,927888,895776,1823664,927888,895776,0,0,0,0,0,0,0,0,0,0,0,0,0,0,0,0,0,0
2821,32,000,State - KERALA,Rural,7,269683,137381,132302,38424,19923,18501,231259,117458,113801,226186,114754,111432,0,0,0,0,0,0,0,0,0,0,0,0
2822,32,000,State - KERALA,Rural,8,266464,135648,130816,8843,4651,4192,257621,130997,126624,254285,129218,125067,0,0,0,0,0,0,0,0,0,0,0,0
2823,32,000,State - KERALA,Rural,9,274733,139969,134764,5003,2652,2351,269730,137317,132413,250654,127904,122750,15916,7774,8142,0,0,0,0,0,0,0,0,0
2824,32,000,State - KERALA,Rural,10,308617,157549,151068,6522,3342,3180,302095,154207,147888,202790,105558,97232,95777,46839,48938,0,0,0,0,0,0,0,0,0
2825,32,000,State - KERALA,Rural,11,300586,152852,147734,3723,1947,1776,296863,150905,145958,62221,34609,27612,231375,114648,116727,0,0,0,0,0,0,0,0,0
2826,32,000,State - KERALA,Rural,12,289296,147699,141597,2584,1292,1292,286712,146407,140305,10298,6257,4041,253080,128764,124316,20203,9689,10514,0,0,0,0,0,0
2827,32,000,State - KERALA,Rural,13,307138,155230,151908,2452,1217,1235,304686,154013,150673,3243,1905,1338,201612,105440,96172,96517,44947,51570,0,0,0,0,0,0
2828,32,000,State - KERALA,Rural,14,293701,149567,144134,2520,1310,1210,291181,148257,142924,2013,1128,885,65544,38564,26980,220431,106911,113520,0,0,0,0,0,0
2829,32,000,State - KERALA,Rural,15,285887,145596,140291,2602,1333,1269,283285,144263,139022,6507,3021,3486,16612,10993,5619,181873,94491,87382,75133,34081,41052,0,0,0
2830,32,000,State - KERALA,Rural,16,271122,137616,133506,2257,1108,1149,268865,136508,132357,23941,10780,13161,6662,4330,2332,68990,41474,27516,165968,78170,87798,0,0,0
2831,32,000,State - KERALA,Rural,17,269726,137316,132410,2108,1033,1075,267618,136283,131335,31178,15101,16077,5170,3333,1837,27221,17898,9323,199474,97517,101957,0,0,0
2832,32,000,State - KERALA,Rural,18,274990,140996,133994,2673,1347,1326,272317,139649,132668,15884,8768,7116,6758,4280,2478,20646,12991,7655,222106,109940,112166,0,0,0
2833,32,000,State - KERALA,Rural,19,264088,134680,129408,2447,1191,1256,261641,133489,128152,7625,4228,3397,6844,4267,2577,19887,11961,7926,219188,108720,110468,0,0,0
2834,32,000,State - KERALA,Rural,20-24,1386061,680283,705778,17484,8121,9363,1368577,672162,696415,24196,12132,12064,54047,32278,21769,186387,101815,84572,805023,398337,406686,240728,99046,141682
2835,32,000,State - KERALA,Rural,25-29,1369036,639039,729997,24432,10522,13910,1344604,628517,716087,26204,13275,12929,97983,56003,41980,307330,156995,150335,611848,280160,331688,230564,89652,140912
2836,32,000,State - KERALA,Rural,30-34,1278260,592974,685286,29734,11731,18003,1248526,581243,667283,35067,16182,18885,129616,65949,63667,300456,149834,150622,565200,259305,305895,148980,59092,89888
2837,32,000,State - KERALA,Rural,35-39,1344629,608341,736288,51620,17558,34062,1293009,590783,702226,71671,30790,40881,198608,91984,106624,291562,138164,153398,532902,245216,287686,123143,52114,71029
2838,32,000,State - KERALA,Rural,40-44,1246138,578217,667921,66038,21887,44151,1180100,556330,623770,108830,46257,62573,211372,98952,112420,258815,128786,130029,442464,208733,233731,87702,42459,45243
2839,32,000,State - KERALA,Rural,45-49,1227882,578437,649445,98023,31306,66717,1129859,547131,582728,166332,71749,94583,247687,116551,131136,217193,110841,106352,362085,181476,180609,66760,35385,31375
2840,32,000,State - KERALA,Rural,50-54,1001162,484917,516245,96630,29665,66965,904532,455252,449280,168783,77103,91680,223665,110853,112812,164474,85210,79264,246264,130737,115527,44208,25386,18822
2841,32,000,State - KERALA,Rural,55-59,903383,446860,456523,113074,33949,79125,790309,412911,377398,170066,79861,90205,201745,104040,97705,133836,71975,61861,197478,110728,86750,34945,21658,13287
2842,32,000,State - KERALA,Rural,60-64,724947,351377,373570,122690,35554,87136,602257,315823,286434,150205,70376,79829,160726,81002,79724,88240,48264,39976,136822,79834,56988,24921,16722,8199
2843,32,000,State - KERALA,Rural,65-69,525265,240537,284728,120606,33023,87583,404659,207514,197145,121208,53712,67496,112397,54704,57693,50847,28531,22316,78033,47837,30196,12875,9185,3690
2844,32,000,State - KERALA,Rural,70-74,381986,170673,211313,98910,27074,71836,283076,143599,139477,98298,43087,55211,79395,38653,40742,29195,16422,12773,47748,30208,17540,7156,5443,1713
2845,32,000,State - KERALA,Rural,75-79,266667,111752,154915,76492,20133,56359,190175,91619,98556,81132,33870,47262,50899,23999,26900,13828,7842,5986,24616,15660,8956,4469,3566,903
2846,32,000,State - KERALA,Rural,80+,298687,115981,182706,96926,23416,73510,201761,92565,109196,103835,42819,61016,51395,24326,27069,10216,5523,4693,16252,10252,6000,3211,2431,780
2847,32,000,State - KERALA,Rural,Age not stated,17337,8679,8658,3334,1451,1883,14003,7228,6775,1717,750,967,1791,862,929,1745,903,842,3248,1657,1591,829,359,470
2848,32,000,State - KERALA,Urban,All ages,15934926,7619358,8315568,2348422,1046885,1301537,13586504,6572473,7014031,1977128,921726,1055402,2339034,1152908,1186126,2349917,1199316,1150601,4754664,2327154,2427510,1500830,668838,831992
2849,32,000,State - KERALA,Urban,0-6,1649291,840356,808935,1649291,840356,808935,0,0,0,0,0,0,0,0,0,0,0,0,0,0,0,0,0,0
2850,32,000,State - KERALA,Urban,7,240824,123282,117542,30294,15488,14806,210530,107794,102736,205558,105141,100417,0,0,0,0,0,0,0,0,0,0,0,0
2851,32,000,State - KERALA,Urban,8,238588,121541,117047,6449,3274,3175,232139,118267,113872,228938,116549,112389,0,0,0,0,0,0,0,0,0,0,0,0
2852,32,000,State - KERALA,Urban,9,244957,124659,120298,3932,1962,1970,241025,122697,118328,223844,114220,109624,14186,6897,7289,0,0,0,0,0,0,0,0,0
2853,32,000,State - KERALA,Urban,10,272063,139136,132927,5414,2811,2603,266649,136325,130324,177431,92651,84780,85925,41989,43936,0,0,0,0,0,0,0,0,0
2854,32,000,State - KERALA,Urban,11,267434,136288,131146,2977,1530,1447,264457,134758,129699,50947,28753,22194,210446,104404,106042,0,0,0,0,0,0,0,0,0
2855,32,000,State - KERALA,Urban,12,252488,129253,123235,1871,934,937,250617,128319,122298,7644,4748,2896,222250,113737,108513,17908,8368,9540,0,0,0,0,0,0
2856,32,000,State - KERALA,Urban,13,271568,138248,133320,2054,990,1064,269514,137258,132256,2130,1264,866,176193,92906,83287,88212,41511,46701,0,0,0,0,0,0
2857,32,000,State - KERALA,Urban,14,259879,133095,126784,1961,1010,951,257918,132085,125833,1373,758,615,53699,32084,21615,199879,97649,102230,0,0,0,0,0,0
2858,32,000,State - KERALA,Urban,15,255813,130527,125286,2061,1049,1012,253752,129478,124274,5511,2540,2971,12250,8235,4015,162662,84916,77746,70367,32246,38121,0,0,0
2859,32,000,State - KERALA,Urban,16,244037,124038,119999,1786,889,897,242251,123149,119102,21694,9809,11885,4679,3209,1470,57468,34840,22628,155401,73595,81806,0,0,0
2860,32,000,State - KERALA,Urban,17,247599,125781,121818,1643,824,819,245956,124957,120999,28509,13961,14548,3472,2358,1114,20654,14104,6550,189394,92450,96944,0,0,0
2861,32,000,State - KERALA,Urban,18,252607,128526,124081,1972,1031,941,250635,127495,123140,13513,7593,5920,4257,2906,1351,14258,9465,4793,212682,104416,108266,0,0,0
2862,32,000,State - KERALA,Urban,19,244683,123223,121460,1869,1016,853,242814,122207,120607,5929,3486,2443,4723,3108,1615,13476,8493,4983,211459,103324,108135,0,0,0
2863,32,000,State - KERALA,Urban,20-24,1279748,618543,661205,11994,6254,5740,1267754,612289,655465,16267,8693,7574,36168,23352,12816,133276,73936,59340,733409,363427,369982,294551,116682,177869
2864,32,000,State - KERALA,Urban,25-29,1235056,564939,670117,14129,6805,7324,1220927,558134,662793,15131,8000,7131,68783,40711,28072,238643,121321,117322,541386,248425,292961,291304,110063,181241
2865,32,000,State - KERALA,Urban,30-34,1177241,535243,641998,16471,7346,9125,1160770,527897,632873,20546,9962,10584,102492,52150,50342,253479,125025,128454,517277,235932,281345,201499,75868,125631
2866,32,000,State - KERALA,Urban,35-39,1235044,553478,681566,25317,9661,15656,1209727,543817,665910,43528,18763,24765,163866,73939,89927,255471,120087,135384,495432,227640,267792,180816,73219,107597
2867,32,000,State - KERALA,Urban,40-44,1166360,539207,627153,34338,12092,22246,1132022,527115,604907,75998,31078,44920,186069,83465,102604,235627,116975,118652,426799,201862,224937,139109,63857,75252
2868,32,000,State - KERALA,Urban,45-49,1120648,527161,593487,50497,16001,34496,1070151,511160,558991,121675,48743,72932,214371,96741,117630,197793,101549,96244,357427,178287,179140,113359,56899,56460
2869,32,000,State - KERALA,Urban,50-54,926983,446274,480709,55252,15857,39395,871731,430417,441314,132057,55710,76347,193705,92249,101456,149774,76589,73185,256760,134502,122258,84931,46597,38334
2870,32,000,State - KERALA,Urban,55-59,839025,414667,424358,68047,18197,49850,770978,396470,374508,135268,58796,76472,176348,88641,87707,122441,64971,57470,213685,117185,96500,73381,43773,29608
2871,32,000,State - KERALA,Urban,60-64,689724,333759,355965,79755,19822,59933,609969,313937,296032,124919,53931,70988,147504,72577,74927,83999,45021,38978,158152,88725,69427,54536,34786,19750
2872,32,000,State - KERALA,Urban,65-69,476869,218695,258174,80945,18631,62314,395924,200064,195860,99596,40769,58827,98241,46232,52009,46864,25470,21394,93616,54558,39058,30141,20537,9604
2873,32,000,State - KERALA,Urban,70-74,351386,155889,195497,70796,15996,54800,280590,139893,140697,82983,34006,48977,70386,33031,37355,28313,15002,13311,60499,35740,24759,17988,12923,5065
2874,32,000,State - KERALA,Urban,75-79,234700,96565,138135,55016,12267,42749,179684,84298,95386,63088,24795,38293,44078,19137,24941,15064,7305,7759,33173,19413,13760,10427,7739,2688
2875,32,000,State - KERALA,Urban,80+,243162,88367,154795,68974,13235,55739,174188,75132,99056,71451,26296,45155,43371,18122,25249,13018,5855,7163,24413,13813,10600,7499,5378,2121
2876,32,000,State - KERALA,Urban,Age not stated,17149,8618,8531,3317,1557,1760,13832,7061,6771,1600,711,889,1572,728,844,1638,864,774,3333,1614,1719,1289,517,772
2877,33,000,State - TAMIL NADU,Total,All ages,72147030,36137975,36009055,20309523,8097484,12212039,51837507,28040491,23797016,5629379,2861589,2767790,12325162,6479422,5845740,9608004,5087592,4520412,16331186,9206497,7124689,5457742,3119342,2338400
2878,33,000,State - TAMIL NADU,Total,0-6,7423832,3820276,3603556,7423832,3820276,3603556,0,0,0,0,0,0,0,0,0,0,0,0,0,0,0,0,0,0
2879,33,000,State - TAMIL NADU,Total,7,1139867,585055,554812,204444,104516,99928,935423,480539,454884,915606,469681,445925,0,0,0,0,0,0,0,0,0,0,0,0
2880,33,000,State - TAMIL NADU,Total,8,1127033,575557,551476,78519,39586,38933,1048514,535971,512543,1032688,527429,505259,0,0,0,0,0,0,0,0,0,0,0,0
2881,33,000,State - TAMIL NADU,Total,9,1139224,584983,554241,42804,21300,21504,1096420,563683,532737,847427,439008,408419,233313,116319,116994,0,0,0,0,0,0,0,0,0
2882,33,000,State - TAMIL NADU,Total,10,1290991,666692,624299,43706,21681,22025,1247285,645011,602274,427017,228788,198229,802056,406346,395710,0,0,0,0,0,0,0,0,0
2883,33,000,State - TAMIL NADU,Total,11,1217158,629072,588086,24707,11878,12829,1192451,617194,575257,88043,49483,38560,1088130,558991,529139,0,0,0,0,0,0,0,0,0
2884,33,000,State - TAMIL NADU,Total,12,1207576,623211,584365,20642,9748,10894,1186934,613463,573471,21830,12475,9355,893621,467872,425749,255335,124419,130916,0,0,0,0,0,0
2885,33,000,State - TAMIL NADU,Total,13,1236636,635251,601385,19685,8810,10875,1216951,626441,590510,10342,5899,4443,460568,249865,210703,729526,361791,367735,0,0,0,0,0,0
2886,33,000,State - TAMIL NADU,Total,14,1225186,634764,590422,20655,9386,11269,1204531,625378,579153,8055,4500,3555,145260,83498,61762,1032721,527311,505410,0,0,0,0,0,0
2887,33,000,State - TAMIL NADU,Total,15,1279794,664183,615611,26972,12253,14719,1252822,651930,600892,9818,5465,4353,80602,47058,33544,506119,278665,227454,633860,308475,325385,0,0,0
2888,33,000,State - TAMIL NADU,Total,16,1177774,610930,566844,23291,10548,12743,1154483,600382,554101,9835,5371,4464,63641,36595,27046,221422,128499,92923,835187,416585,418602,0,0,0
2889,33,000,State - TAMIL NADU,Total,17,1196680,623711,572969,26852,12036,14816,1169828,611675,558153,11821,6523,5298,71898,40781,31117,158474,92338,66136,896390,454982,441408,0,0,0
2890,33,000,State - TAMIL NADU,Total,18,1325332,683260,642072,38054,15939,22115,1287278,667321,619957,15203,8177,7026,96900,52958,43942,175729,96385,79344,956678,487133,469545,0,0,0
2891,33,000,State - TAMIL NADU,Total,19,1274212,647754,626458,41078,15809,25269,1233134,631945,601189,15131,7932,7199,104213,54642,49571,170482,88994,81488,898493,457083,441410,0,0,0
2892,33,000,State - TAMIL NADU,Total,20-24,6411543,3154804,3256739,339466,114708,224758,6072077,3040096,3031981,104558,51342,53216,718977,363463,355514,972426,473549,498877,2818690,1432293,1386397,1176846,580891,595955
2893,33,000,State - TAMIL NADU,Total,25-29,6663746,3237374,3426372,645880,201501,444379,6017866,3035873,2981993,180072,79491,100581,1063424,525426,537998,1129519,539758,589761,2076358,1091425,984933,1240104,637944,602160
2894,33,000,State - TAMIL NADU,Total,30-34,5815560,2908749,2906811,822885,250969,571916,4992675,2657780,2334895,205635,86511,119124,1017969,500611,517358,947036,485708,461328,1677601,974282,703319,868619,471494,397125
2895,33,000,State - TAMIL NADU,Total,35-39,5836456,2815205,3021251,1315287,383766,931521,4521169,2431439,2089730,277970,114188,163782,1123144,531233,591911,823616,435351,388265,1400333,854156,546177,633016,365897,267119
2896,33,000,State - TAMIL NADU,Total,40-44,5064209,2549846,2514363,1385725,458333,927392,3678484,2091513,1586971,278715,128098,150617,986393,505905,480488,649794,366461,283333,1074459,688731,385728,467701,286543,181158
2897,33,000,State - TAMIL NADU,Total,45-49,4713056,2374915,2338141,1521467,517884,1003583,3191589,1857031,1334558,283688,137968,145720,932915,500215,432700,567751,328221,239530,863970,556152,307818,341883,227757,114126
2898,33,000,State - TAMIL NADU,Total,50-54,3703460,1875563,1827897,1278195,426386,851809,2425265,1449177,976088,215512,108523,106989,689450,384665,304785,416906,243970,172936,703844,454312,249532,244129,173971,70158
2899,33,000,State - TAMIL NADU,Total,55-59,3101142,1540924,1560218,1180911,372497,808414,1920231,1168427,751804,183479,93823,89656,540095,304460,235635,307576,183329,124247,562258,371338,190920,197967,146631,51336
2900,33,000,State - TAMIL NADU,Total,60-64,2782608,1378039,1404569,1265148,415621,849527,1517460,962418,555042,169030,95809,73221,453589,270793,182796,221633,134255,87378,420594,291578,129016,140213,108740,31473
2901,33,000,State - TAMIL NADU,Total,65-69,1868370,896412,971958,943515,305543,637972,924855,590869,333986,121993,72059,49934,306277,187963,118314,133790,81889,51901,222478,156532,65946,65013,52110,12903
2902,33,000,State - TAMIL NADU,Total,70-74,1406529,693167,713362,759939,262480,497459,646590,430687,215903,89321,56228,33093,218332,141793,76539,92285,58577,33708,148748,108590,40158,40802,34103,6699
2903,33,000,State - TAMIL NADU,Total,75-79,710241,353746,356495,369734,128493,241241,340507,225253,115254,50802,32123,18679,116409,74015,42394,46810,28745,18065,74486,55704,18782,21148,17958,3190
2904,33,000,State - TAMIL NADU,Total,80+,742010,339862,402148,429683,139170,290513,312327,200692,111635,51499,32582,18917,110589,70231,40358,43565,26501,17064,57274,41733,15541,15939,12592,3347
2905,33,000,State - TAMIL NADU,Total,Age not stated,66805,34670,32135,16447,6367,10080,50358,28303,22055,4289,2113,2176,7397,3724,3673,5489,2876,2613,9485,5413,4072,4362,2711,1651
2906,33,000,State - TAMIL NADU,Rural,All ages,37229590,18679065,18550525,12727395,5013226,7714169,24502195,13665839,10836356,3064611,1587693,1476918,6728075,3681444,3046631,5020643,2754507,2266136,7172661,4177921,2994740,1337768,828750,509018
2907,33,000,State - TAMIL NADU,Rural,0-6,3911302,2020550,1890752,3911302,2020550,1890752,0,0,0,0,0,0,0,0,0,0,0,0,0,0,0,0,0,0
2908,33,000,State - TAMIL NADU,Rural,7,614119,315690,298429,118070,60632,57438,496049,255058,240991,486126,249670,236456,0,0,0,0,0,0,0,0,0,0,0,0
2909,33,000,State - TAMIL NADU,Rural,8,611270,312939,298331,45223,22960,22263,566047,289979,276068,557952,285629,272323,0,0,0,0,0,0,0,0,0,0,0,0
2910,33,000,State - TAMIL NADU,Rural,9,613724,316394,297330,24217,12069,12148,589507,304325,285182,453662,235832,217830,127951,64321,63630,0,0,0,0,0,0,0,0,0
2911,33,000,State - TAMIL NADU,Rural,10,693192,359065,334127,24760,12245,12515,668432,346820,321612,219363,117732,101631,439915,224171,215744,0,0,0,0,0,0,0,0,0
2912,33,000,State - TAMIL NADU,Rural,11,648632,336677,311955,14149,6754,7395,634483,329923,304560,44588,25137,19451,581745,300405,281340,0,0,0,0,0,0,0,0,0
2913,33,000,State - TAMIL NADU,Rural,12,656309,341181,315128,12314,5760,6554,643995,335421,308574,11424,6442,4982,486130,256548,229582,138012,67857,70155,0,0,0,0,0,0
2914,33,000,State - TAMIL NADU,Rural,13,667459,344941,322518,11777,5201,6576,655682,339740,315942,5544,3068,2476,246756,134442,112314,394924,197679,197245,0,0,0,0,0,0
2915,33,000,State - TAMIL NADU,Rural,14,659568,344302,315266,12551,5591,6960,647017,338711,308306,4420,2420,2000,80747,46216,34531,552190,284826,267364,0,0,0,0,0,0
2916,33,000,State - TAMIL NADU,Rural,15,695349,364062,331287,17040,7652,9388,678309,356410,321899,5732,3171,2561,47825,27736,20089,280962,155852,125110,331485,162940,168545,0,0,0
2917,33,000,State - TAMIL NADU,Rural,16,634943,333404,301539,14507,6465,8042,620436,326939,293497,5547,2976,2571,38592,21937,16655,132409,76438,55971,430387,218177,212210,0,0,0
2918,33,000,State - TAMIL NADU,Rural,17,644866,341577,303289,17026,7493,9533,627840,334084,293756,6700,3657,3043,44291,24800,19491,99504,57670,41834,459842,238368,221474,0,0,0
2919,33,000,State - TAMIL NADU,Rural,18,718852,376212,342640,24668,9994,14674,694184,366218,327966,8917,4689,4228,60479,32582,27897,112786,61671,51115,487837,254463,233374,0,0,0
2920,33,000,State - TAMIL NADU,Rural,19,679088,349978,329110,26725,9900,16825,652363,340078,312285,9019,4626,4393,64545,33526,31019,108575,56707,51868,445355,232315,213040,0,0,0
2921,33,000,State - TAMIL NADU,Rural,20-24,3315234,1658770,1656464,225615,72828,152787,3089619,1585942,1503677,62290,29782,32508,435469,219941,215528,593751,291915,301836,1463936,762930,701006,388828,208320,180508
2922,33,000,State - TAMIL NADU,Rural,25-29,3360498,1652498,1708000,439818,132115,307703,2920680,1520383,1400297,107325,45861,61464,625747,310935,314812,648376,316691,331685,1024735,561727,463008,353778,203574,150204
2923,33,000,State - TAMIL NADU,Rural,30-34,2825218,1419512,1405706,565073,168732,396341,2260145,1250780,1009365,120546,49960,70586,572769,286947,285822,504895,269484,235411,729499,451798,277701,204459,126264,78195
2924,33,000,State - TAMIL NADU,Rural,35-39,2894635,1375375,1519260,909833,263485,646348,1984802,1111890,872912,161521,66345,95176,612704,299721,312983,404753,227930,176823,551230,365906,185324,134115,89801,44314
2925,33,000,State - TAMIL NADU,Rural,40-44,2495827,1244055,1251772,964326,322272,642054,1531501,921783,609718,158792,75407,83385,524655,285209,239446,290866,179276,111590,367182,262761,104421,90585,64584,26001
2926,33,000,State - TAMIL NADU,Rural,45-49,2383374,1187892,1195482,1059766,367108,692658,1323608,820784,502824,160170,81655,78515,496445,287287,209158,247971,158188,89783,270263,197186,73077,57974,45381,12593
2927,33,000,State - TAMIL NADU,Rural,50-54,1862643,926233,936410,895728,306459,589269,966915,619774,347141,119704,64130,55574,360319,220115,140204,176929,115810,61119,205660,150950,54710,35967,29438,6529
2928,33,000,State - TAMIL NADU,Rural,55-59,1578510,765352,813158,820097,267571,552526,758413,497781,260632,99967,55769,44198,278722,174374,104348,129035,86893,42142,163717,123020,40697,30209,25191,5018
2929,33,000,State - TAMIL NADU,Rural,60-64,1484099,726363,757736,884194,305758,578436,599905,420605,179300,91333,57951,33382,231260,157598,73662,87885,62391,25494,116833,93622,23211,21843,18904,2939
2930,33,000,State - TAMIL NADU,Rural,65-69,1022924,490698,532226,651804,225559,426245,371120,265139,105981,65310,43914,21396,155291,109774,45517,50807,37107,13700,56264,45871,10393,9209,8158,1051
2931,33,000,State - TAMIL NADU,Rural,70-74,770619,384159,386460,517037,193401,323636,253582,190758,62824,46717,33654,13063,107312,81137,26175,33385,25786,7599,35449,29809,5640,5109,4608,501
2932,33,000,State - TAMIL NADU,Rural,75-79,365791,187116,178675,240558,92320,148238,125233,94796,30437,24908,18456,6452,54096,41039,13057,15394,11949,3445,15806,13379,2427,2212,1991,221
2933,33,000,State - TAMIL NADU,Rural,80+,385664,185450,200214,268985,98366,170619,116679,87084,29595,24266,18367,5899,49919,38350,11569,14162,10745,3417,12718,10091,2627,1848,1402,446
2934,33,000,State - TAMIL NADU,Rural,Age not stated,35881,18620,17261,10232,3986,6246,25649,14634,11015,2768,1393,1375,4391,2333,2058,3072,1642,1430,4463,2608,1855,1632,1134,498
2935,33,000,State - TAMIL NADU,Urban,All ages,34917440,17458910,17458530,7582128,3084258,4497870,27335312,14374652,12960660,2564768,1273896,1290872,5597087,2797978,2799109,4587361,2333085,2254276,9158525,5028576,4129949,4119974,2290592,1829382
2936,33,000,State - TAMIL NADU,Urban,0-6,3512530,1799726,1712804,3512530,1799726,1712804,0,0,0,0,0,0,0,0,0,0,0,0,0,0,0,0,0,0
2937,33,000,State - TAMIL NADU,Urban,7,525748,269365,256383,86374,43884,42490,439374,225481,213893,429480,220011,209469,0,0,0,0,0,0,0,0,0,0,0,0
2938,33,000,State - TAMIL NADU,Urban,8,515763,262618,253145,33296,16626,16670,482467,245992,236475,474736,241800,232936,0,0,0,0,0,0,0,0,0,0,0,0
2939,33,000,State - TAMIL NADU,Urban,9,525500,268589,256911,18587,9231,9356,506913,259358,247555,393765,203176,190589,105362,51998,53364,0,0,0,0,0,0,0,0,0
2940,33,000,State - TAMIL NADU,Urban,10,597799,307627,290172,18946,9436,9510,578853,298191,280662,207654,111056,96598,362141,182175,179966,0,0,0,0,0,0,0,0,0
2941,33,000,State - TAMIL NADU,Urban,11,568526,292395,276131,10558,5124,5434,557968,287271,270697,43455,24346,19109,506385,258586,247799,0,0,0,0,0,0,0,0,0
2942,33,000,State - TAMIL NADU,Urban,12,551267,282030,269237,8328,3988,4340,542939,278042,264897,10406,6033,4373,407491,211324,196167,117323,56562,60761,0,0,0,0,0,0
2943,33,000,State - TAMIL NADU,Urban,13,569177,290310,278867,7908,3609,4299,561269,286701,274568,4798,2831,1967,213812,115423,98389,334602,164112,170490,0,0,0,0,0,0
2944,33,000,State - TAMIL NADU,Urban,14,565618,290462,275156,8104,3795,4309,557514,286667,270847,3635,2080,1555,64513,37282,27231,480531,242485,238046,0,0,0,0,0,0
2945,33,000,State - TAMIL NADU,Urban,15,584445,300121,284324,9932,4601,5331,574513,295520,278993,4086,2294,1792,32777,19322,13455,225157,122813,102344,302375,145535,156840,0,0,0
2946,33,000,State - TAMIL NADU,Urban,16,542831,277526,265305,8784,4083,4701,534047,273443,260604,4288,2395,1893,25049,14658,10391,89013,52061,36952,404800,198408,206392,0,0,0
2947,33,000,State - TAMIL NADU,Urban,17,551814,282134,269680,9826,4543,5283,541988,277591,264397,5121,2866,2255,27607,15981,11626,58970,34668,24302,436548,216614,219934,0,0,0
2948,33,000,State - TAMIL NADU,Urban,18,606480,307048,299432,13386,5945,7441,593094,301103,291991,6286,3488,2798,36421,20376,16045,62943,34714,28229,468841,232670,236171,0,0,0
2949,33,000,State - TAMIL NADU,Urban,19,595124,297776,297348,14353,5909,8444,580771,291867,288904,6112,3306,2806,39668,21116,18552,61907,32287,29620,453138,224768,228370,0,0,0
2950,33,000,State - TAMIL NADU,Urban,20-24,3096309,1496034,1600275,113851,41880,71971,2982458,1454154,1528304,42268,21560,20708,283508,143522,139986,378675,181634,197041,1354754,669363,685391,788018,372571,415447
2951,33,000,State - TAMIL NADU,Urban,25-29,3303248,1584876,1718372,206062,69386,136676,3097186,1515490,1581696,72747,33630,39117,437677,214491,223186,481143,223067,258076,1051623,529698,521925,886326,434370,451956
2952,33,000,State - TAMIL NADU,Urban,30-34,2990342,1489237,1501105,257812,82237,175575,2732530,1407000,1325530,85089,36551,48538,445200,213664,231536,442141,216224,225917,948102,522484,425618,664160,345230,318930
2953,33,000,State - TAMIL NADU,Urban,35-39,2941821,1439830,1501991,405454,120281,285173,2536367,1319549,1216818,116449,47843,68606,510440,231512,278928,418863,207421,211442,849103,488250,360853,498901,276096,222805
2954,33,000,State - TAMIL NADU,Urban,40-44,2568382,1305791,1262591,421399,136061,285338,2146983,1169730,977253,119923,52691,67232,461738,220696,241042,358928,187185,171743,707277,425970,281307,377116,221959,155157
2955,33,000,State - TAMIL NADU,Urban,45-49,2329682,1187023,1142659,461701,150776,310925,1867981,1036247,831734,123518,56313,67205,436470,212928,223542,319780,170033,149747,593707,358966,234741,283909,182376,101533
2956,33,000,State - TAMIL NADU,Urban,50-54,1840817,949330,891487,382467,119927,262540,1458350,829403,628947,95808,44393,51415,329131,164550,164581,239977,128160,111817,498184,303362,194822,208162,144533,63629
2957,33,000,State - TAMIL NADU,Urban,55-59,1522632,775572,747060,360814,104926,255888,1161818,670646,491172,83512,38054,45458,261373,130086,131287,178541,96436,82105,398541,248318,150223,167758,121440,46318
2958,33,000,State - TAMIL NADU,Urban,60-64,1298509,651676,646833,380954,109863,271091,917555,541813,375742,77697,37858,39839,222329,113195,109134,133748,71864,61884,303761,197956,105805,118370,89836,28534
2959,33,000,State - TAMIL NADU,Urban,65-69,845446,405714,439732,291711,79984,211727,553735,325730,228005,56683,28145,28538,150986,78189,72797,82983,44782,38201,166214,110661,55553,55804,43952,11852
2960,33,000,State - TAMIL NADU,Urban,70-74,635910,309008,326902,242902,69079,173823,393008,239929,153079,42604,22574,20030,111020,60656,50364,58900,32791,26109,113299,78781,34518,35693,29495,6198
2961,33,000,State - TAMIL NADU,Urban,75-79,344450,166630,177820,129176,36173,93003,215274,130457,84817,25894,13667,12227,62313,32976,29337,31416,16796,14620,58680,42325,16355,18936,15967,2969
2962,33,000,State - TAMIL NADU,Urban,80+,356346,154412,201934,160698,40804,119894,195648,113608,82040,27233,14215,13018,60670,31881,28789,29403,15756,13647,44556,31642,12914,14091,11190,2901
2963,33,000,State - TAMIL NADU,Urban,Age not stated,30924,16050,14874,6215,2381,3834,24709,13669,11040,1521,720,801,3006,1391,1615,2417,1234,1183,5022,2805,2217,2730,1577,1153
2964,34,000,State - PUDUCHERRY,Total,All ages,1247953,612511,635442,290644,115133,175511,957309,497378,459931,93186,45162,48024,187723,89632,98091,171301,85255,86046,336296,185024,151272,142029,79482,62547
2965,34,000,State - PUDUCHERRY,Total,0-6,132858,67527,65331,132858,67527,65331,0,0,0,0,0,0,0,0,0,0,0,0,0,0,0,0,0,0
2966,34,000,State - PUDUCHERRY,Total,7,20124,10237,9887,4426,2232,2194,15698,8005,7693,15455,7882,7573,0,0,0,0,0,0,0,0,0,0,0,0
2967,34,000,State - PUDUCHERRY,Total,8,19561,9990,9571,1808,910,898,17753,9080,8673,17595,8992,8603,0,0,0,0,0,0,0,0,0,0,0,0
2968,34,000,State - PUDUCHERRY,Total,9,20123,10276,9847,1094,580,514,19029,9696,9333,15933,8146,7787,2971,1483,1488,0,0,0,0,0,0,0,0,0
2969,34,000,State - PUDUCHERRY,Total,10,22468,11433,11035,1004,514,490,21464,10919,10545,8983,4651,4332,12324,6183,6141,0,0,0,0,0,0,0,0,0
2970,34,000,State - PUDUCHERRY,Total,11,21640,11050,10590,532,272,260,21108,10778,10330,1699,911,788,19277,9801,9476,0,0,0,0,0,0,0,0,0
2971,34,000,State - PUDUCHERRY,Total,12,20235,10292,9943,302,159,143,19933,10133,9800,344,174,170,16580,8503,8077,2885,1392,1493,0,0,0,0,0,0
2972,34,000,State - PUDUCHERRY,Total,13,20836,10681,10155,241,128,113,20595,10553,10042,139,81,58,10004,5335,4669,10324,5077,5247,0,0,0,0,0,0
2973,34,000,State - PUDUCHERRY,Total,14,20547,10480,10067,258,126,132,20289,10354,9935,113,60,53,2869,1656,1213,17183,8573,8610,0,0,0,0,0,0
2974,34,000,State - PUDUCHERRY,Total,15,20942,10812,10130,322,144,178,20620,10668,9952,98,51,47,1217,761,456,10524,5630,4894,8636,4147,4489,0,0,0
2975,34,000,State - PUDUCHERRY,Total,16,19439,9985,9454,285,151,134,19154,9834,9320,102,53,49,751,448,303,3988,2353,1635,14153,6886,7267,0,0,0
2976,34,000,State - PUDUCHERRY,Total,17,19528,10113,9415,286,132,154,19242,9981,9261,107,53,54,681,382,299,2265,1307,958,15934,8099,7835,0,0,0
2977,34,000,State - PUDUCHERRY,Total,18,21267,10731,10536,414,203,211,20853,10528,10325,150,71,79,857,467,390,2308,1261,1047,17192,8545,8647,0,0,0
2978,34,000,State - PUDUCHERRY,Total,19,21140,10590,10550,433,173,260,20707,10417,10290,148,76,72,946,513,433,2074,1066,1008,17139,8552,8587,0,0,0
2979,34,000,State - PUDUCHERRY,Total,20-24,108819,51287,57532,3563,1356,2207,105256,49931,55325,1117,551,566,7292,3379,3913,12886,5875,7011,55575,26901,28674,25624,11903,13721
2980,34,000,State - PUDUCHERRY,Total,25-29,118244,55052,63192,6498,2213,4285,111746,52839,58907,2168,958,1210,13200,6048,7152,19208,8461,10747,42203,20942,21261,31443,14750,16693
2981,34,000,State - PUDUCHERRY,Total,30-34,111070,53761,57309,9302,3059,6243,101768,50702,51066,2781,1160,1621,14642,6391,8251,18241,8382,9859,38476,20702,17774,24358,12533,11825
2982,34,000,State - PUDUCHERRY,Total,35-39,107459,52655,54804,14677,4348,10329,92782,48307,44475,3820,1497,2323,17108,7364,9744,17125,8295,8830,33026,18961,14065,18677,10769,7908
2983,34,000,State - PUDUCHERRY,Total,40-44,89779,45482,44297,15856,4793,11063,73923,40689,33234,3842,1568,2274,14997,6676,8321,13863,7175,6688,25624,15675,9949,13162,8410,4752
2984,34,000,State - PUDUCHERRY,Total,45-49,79305,40625,38680,17320,5207,12113,61985,35418,26567,4017,1730,2287,13444,6182,7262,11589,6247,5342,21039,13523,7516,9741,6669,3072
2985,34,000,State - PUDUCHERRY,Total,50-54,60923,30858,30065,14057,4113,9944,46866,26745,20121,3144,1326,1818,10105,4447,5658,8867,4644,4223,16072,10404,5668,6981,5126,1855
2986,34,000,State - PUDUCHERRY,Total,55-59,50109,24615,25494,13704,3719,9985,36405,20896,15509,2903,1180,1723,8423,3798,4625,6403,3277,3126,12075,8039,4036,5223,3947,1276
2987,34,000,State - PUDUCHERRY,Total,60-64,43828,20498,23330,15552,3997,11555,28276,16501,11775,2786,1232,1554,7240,3342,3898,4739,2449,2290,8945,6282,2663,3308,2630,678
2988,34,000,State - PUDUCHERRY,Total,65-69,27983,12154,15829,12025,2964,9061,15958,9190,6768,1961,847,1114,4617,2215,2402,2669,1414,1255,4308,3124,1184,1525,1203,322
2989,34,000,State - PUDUCHERRY,Total,70-74,22521,9861,12660,10505,2675,7830,12016,7186,4830,1667,865,802,3727,1952,1775,1994,1144,850,2905,2110,795,964,761,203
2990,34,000,State - PUDUCHERRY,Total,75-79,12789,5494,7295,6038,1558,4480,6751,3936,2815,1036,518,518,2204,1134,1070,1026,570,456,1492,1088,404,516,406,110
2991,34,000,State - PUDUCHERRY,Total,80+,13315,5412,7903,6983,1763,5220,6332,3649,2683,984,483,501,2114,1109,1005,1026,601,425,1299,927,372,433,331,102
2992,34,000,State - PUDUCHERRY,Total,Age not stated,1101,560,541,301,117,184,800,443,357,94,46,48,133,63,70,114,62,52,203,117,86,74,44,30
2993,34,000,State - PUDUCHERRY,Rural,All ages,395200,194907,200293,114318,44417,69901,280882,150490,130392,29893,14818,15075,60763,30148,30615,58282,29986,28296,100581,57853,42728,23444,13620,9824
2994,34,000,State - PUDUCHERRY,Rural,0-6,44514,22798,21716,44514,22798,21716,0,0,0,0,0,0,0,0,0,0,0,0,0,0,0,0,0,0
2995,34,000,State - PUDUCHERRY,Rural,7,6703,3342,3361,1753,886,867,4950,2456,2494,4856,2412,2444,0,0,0,0,0,0,0,0,0,0,0,0
2996,34,000,State - PUDUCHERRY,Rural,8,6536,3348,3188,785,377,408,5751,2971,2780,5704,2938,2766,0,0,0,0,0,0,0,0,0,0,0,0
2997,34,000,State - PUDUCHERRY,Rural,9,6741,3432,3309,467,244,223,6274,3188,3086,5109,2593,2516,1121,567,554,0,0,0,0,0,0,0,0,0
2998,34,000,State - PUDUCHERRY,Rural,10,7480,3743,3737,410,193,217,7070,3550,3520,2702,1379,1323,4316,2142,2174,0,0,0,0,0,0,0,0,0
2999,34,000,State - PUDUCHERRY,Rural,11,7251,3716,3535,223,112,111,7028,3604,3424,517,281,236,6474,3301,3173,0,0,0,0,0,0,0,0,0
3000,34,000,State - PUDUCHERRY,Rural,12,6780,3446,3334,91,44,47,6689,3402,3287,111,52,59,5446,2790,2656,1092,540,552,0,0,0,0,0,0
3001,34,000,State - PUDUCHERRY,Rural,13,7042,3574,3468,92,46,46,6950,3528,3422,36,16,20,3268,1736,1532,3610,1757,1853,0,0,0,0,0,0
3002,34,000,State - PUDUCHERRY,Rural,14,6798,3493,3305,91,39,52,6707,3454,3253,26,12,14,954,559,395,5689,2863,2826,0,0,0,0,0,0
3003,34,000,State - PUDUCHERRY,Rural,15,6931,3520,3411,119,47,72,6812,3473,3339,30,18,12,363,221,142,3390,1794,1596,2978,1414,1564,0,0,0
3004,34,000,State - PUDUCHERRY,Rural,16,6392,3277,3115,96,49,47,6296,3228,3068,35,16,19,231,143,88,1463,878,585,4516,2163,2353,0,0,0
3005,34,000,State - PUDUCHERRY,Rural,17,6379,3343,3036,101,43,58,6278,3300,2978,28,16,12,215,115,100,922,549,373,5025,2581,2444,0,0,0
3006,34,000,State - PUDUCHERRY,Rural,18,7177,3623,3554,148,68,80,7029,3555,3474,45,22,23,269,155,114,998,518,480,5595,2801,2794,0,0,0
3007,34,000,State - PUDUCHERRY,Rural,19,7140,3631,3509,136,56,80,7004,3575,3429,48,29,19,314,174,140,876,458,418,5630,2847,2783,0,0,0
3008,34,000,State - PUDUCHERRY,Rural,20-24,36272,17155,19117,1286,457,829,34986,16698,18288,328,167,161,2477,1094,1383,5527,2409,3118,20043,9777,10266,5655,2778,2877
3009,34,000,State - PUDUCHERRY,Rural,25-29,38840,18442,20398,2487,746,1741,36353,17696,18657,692,292,400,4631,2060,2571,7955,3426,4529,15512,8173,7339,6386,3189,3197
3010,34,000,State - PUDUCHERRY,Rural,30-34,34114,16868,17246,3797,1094,2703,30317,15774,14543,940,355,585,4946,2032,2914,6841,3204,3637,12368,7280,5088,4220,2405,1815
3011,34,000,State - PUDUCHERRY,Rural,35-39,32946,16190,16756,6669,1813,4856,26277,14377,11900,1413,529,884,5799,2486,3313,5952,2981,2971,9403,6059,3344,2851,1864,987
3012,34,000,State - PUDUCHERRY,Rural,40-44,26217,13362,12855,7229,2137,5092,18988,11225,7763,1349,547,802,4937,2261,2676,4266,2460,1806,6145,4383,1762,1646,1208,438
3013,34,000,State - PUDUCHERRY,Rural,45-49,23828,12218,11610,8290,2506,5784,15538,9712,5826,1435,673,762,4368,2219,2149,3365,2068,1297,4750,3611,1139,1036,812,224
3014,34,000,State - PUDUCHERRY,Rural,50-54,17462,8814,8648,6742,2054,4688,10720,6760,3960,1056,501,555,3037,1611,1426,2330,1451,879,3238,2460,778,627,518,109
3015,34,000,State - PUDUCHERRY,Rural,55-59,14711,7082,7629,6483,1905,4578,8228,5177,3051,948,466,482,2498,1326,1172,1589,984,605,2330,1796,534,485,404,81
3016,34,000,State - PUDUCHERRY,Rural,60-64,13161,6025,7136,7182,2113,5069,5979,3912,2067,833,452,381,1954,1109,845,1077,709,368,1534,1262,272,274,232,42
3017,34,000,State - PUDUCHERRY,Rural,65-69,8733,3751,4982,5352,1539,3813,3381,2212,1169,591,335,256,1205,714,491,550,375,175,663,559,104,115,98,17
3018,34,000,State - PUDUCHERRY,Rural,70-74,6993,3104,3889,4580,1378,3202,2413,1726,687,484,340,144,895,626,269,381,275,106,401,334,67,60,48,12
3019,34,000,State - PUDUCHERRY,Rural,75-79,3604,1605,1999,2357,754,1603,1247,851,396,264,176,88,490,330,160,165,113,52,183,153,30,22,19,3
3020,34,000,State - PUDUCHERRY,Rural,80+,3957,1747,2210,2685,854,1831,1272,893,379,258,171,87,495,349,146,194,146,48,175,143,32,34,27,7
3021,34,000,State - PUDUCHERRY,Rural,Age not stated,498,258,240,153,65,88,345,193,152,55,30,25,60,28,32,50,28,22,92,57,35,33,18,15
3022,34,000,State - PUDUCHERRY,Urban,All ages,852753,417604,435149,176326,70716,105610,676427,346888,329539,63293,30344,32949,126960,59484,67476,113019,55269,57750,235715,127171,108544,118585,65862,52723
3023,34,000,State - PUDUCHERRY,Urban,0-6,88344,44729,43615,88344,44729,43615,0,0,0,0,0,0,0,0,0,0,0,0,0,0,0,0,0,0
3024,34,000,State - PUDUCHERRY,Urban,7,13421,6895,6526,2673,1346,1327,10748,5549,5199,10599,5470,5129,0,0,0,0,0,0,0,0,0,0,0,0
3025,34,000,State - PUDUCHERRY,Urban,8,13025,6642,6383,1023,533,490,12002,6109,5893,11891,6054,5837,0,0,0,0,0,0,0,0,0,0,0,0
3026,34,000,State - PUDUCHERRY,Urban,9,13382,6844,6538,627,336,291,12755,6508,6247,10824,5553,5271,1850,916,934,0,0,0,0,0,0,0,0,0
3027,34,000,State - PUDUCHERRY,Urban,10,14988,7690,7298,594,321,273,14394,7369,7025,6281,3272,3009,8008,4041,3967,0,0,0,0,0,0,0,0,0
3028,34,000,State - PUDUCHERRY,Urban,11,14389,7334,7055,309,160,149,14080,7174,6906,1182,630,552,12803,6500,6303,0,0,0,0,0,0,0,0,0
3029,34,000,State - PUDUCHERRY,Urban,12,13455,6846,6609,211,115,96,13244,6731,6513,233,122,111,11134,5713,5421,1793,852,941,0,0,0,0,0,0
3030,34,000,State - PUDUCHERRY,Urban,13,13794,7107,6687,149,82,67,13645,7025,6620,103,65,38,6736,3599,3137,6714,3320,3394,0,0,0,0,0,0
3031,34,000,State - PUDUCHERRY,Urban,14,13749,6987,6762,167,87,80,13582,6900,6682,87,48,39,1915,1097,818,11494,5710,5784,0,0,0,0,0,0
3032,34,000,State - PUDUCHERRY,Urban,15,14011,7292,6719,203,97,106,13808,7195,6613,68,33,35,854,540,314,7134,3836,3298,5658,2733,2925,0,0,0
3033,34,000,State - PUDUCHERRY,Urban,16,13047,6708,6339,189,102,87,12858,6606,6252,67,37,30,520,305,215,2525,1475,1050,9637,4723,4914,0,0,0
3034,34,000,State - PUDUCHERRY,Urban,17,13149,6770,6379,185,89,96,12964,6681,6283,79,37,42,466,267,199,1343,758,585,10909,5518,5391,0,0,0
3035,34,000,State - PUDUCHERRY,Urban,18,14090,7108,6982,266,135,131,13824,6973,6851,105,49,56,588,312,276,1310,743,567,11597,5744,5853,0,0,0
3036,34,000,State - PUDUCHERRY,Urban,19,14000,6959,7041,297,117,180,13703,6842,6861,100,47,53,632,339,293,1198,608,590,11509,5705,5804,0,0,0
3037,34,000,State - PUDUCHERRY,Urban,20-24,72547,34132,38415,2277,899,1378,70270,33233,37037,789,384,405,4815,2285,2530,7359,3466,3893,35532,17124,18408,19969,9125,10844
3038,34,000,State - PUDUCHERRY,Urban,25-29,79404,36610,42794,4011,1467,2544,75393,35143,40250,1476,666,810,8569,3988,4581,11253,5035,6218,26691,12769,13922,25057,11561,13496
3039,34,000,State - PUDUCHERRY,Urban,30-34,76956,36893,40063,5505,1965,3540,71451,34928,36523,1841,805,1036,9696,4359,5337,11400,5178,6222,26108,13422,12686,20138,10128,10010
3040,34,000,State - PUDUCHERRY,Urban,35-39,74513,36465,38048,8008,2535,5473,66505,33930,32575,2407,968,1439,11309,4878,6431,11173,5314,5859,23623,12902,10721,15826,8905,6921
3041,34,000,State - PUDUCHERRY,Urban,40-44,63562,32120,31442,8627,2656,5971,54935,29464,25471,2493,1021,1472,10060,4415,5645,9597,4715,4882,19479,11292,8187,11516,7202,4314
3042,34,000,State - PUDUCHERRY,Urban,45-49,55477,28407,27070,9030,2701,6329,46447,25706,20741,2582,1057,1525,9076,3963,5113,8224,4179,4045,16289,9912,6377,8705,5857,2848
3043,34,000,State - PUDUCHERRY,Urban,50-54,43461,22044,21417,7315,2059,5256,36146,19985,16161,2088,825,1263,7068,2836,4232,6537,3193,3344,12834,7944,4890,6354,4608,1746
3044,34,000,State - PUDUCHERRY,Urban,55-59,35398,17533,17865,7221,1814,5407,28177,15719,12458,1955,714,1241,5925,2472,3453,4814,2293,2521,9745,6243,3502,4738,3543,1195
3045,34,000,State - PUDUCHERRY,Urban,60-64,30667,14473,16194,8370,1884,6486,22297,12589,9708,1953,780,1173,5286,2233,3053,3662,1740,1922,7411,5020,2391,3034,2398,636
3046,34,000,State - PUDUCHERRY,Urban,65-69,19250,8403,10847,6673,1425,5248,12577,6978,5599,1370,512,858,3412,1501,1911,2119,1039,1080,3645,2565,1080,1410,1105,305
3047,34,000,State - PUDUCHERRY,Urban,70-74,15528,6757,8771,5925,1297,4628,9603,5460,4143,1183,525,658,2832,1326,1506,1613,869,744,2504,1776,728,904,713,191
3048,34,000,State - PUDUCHERRY,Urban,75-79,9185,3889,5296,3681,804,2877,5504,3085,2419,772,342,430,1714,804,910,861,457,404,1309,935,374,494,387,107
3049,34,000,State - PUDUCHERRY,Urban,80+,9358,3665,5693,4298,909,3389,5060,2756,2304,726,312,414,1619,760,859,832,455,377,1124,784,340,399,304,95
3050,34,000,State - PUDUCHERRY,Urban,Age not stated,603,302,301,148,52,96,455,250,205,39,16,23,73,35,38,64,34,30,111,60,51,41,26,15
3051,35,000,State - ANDAMAN & NICOBAR ISLANDS,Total,All ages,380581,202871,177710,86300,38494,47806,294281,164377,129904,42129,22513,19616,68415,37920,30495,68620,39337,29283,84074,47467,36607,24159,13622,10537
3052,35,000,State - ANDAMAN & NICOBAR ISLANDS,Total,0-6,40878,20770,20108,40878,20770,20108,0,0,0,0,0,0,0,0,0,0,0,0,0,0,0,0,0,0
3053,35,000,State - ANDAMAN & NICOBAR ISLANDS,Total,7,6218,3208,3010,1026,545,481,5192,2663,2529,5089,2606,2483,0,0,0,0,0,0,0,0,0,0,0,0
3054,35,000,State - ANDAMAN & NICOBAR ISLANDS,Total,8,5940,3072,2868,304,158,146,5636,2914,2722,5592,2888,2704,0,0,0,0,0,0,0,0,0,0,0,0
3055,35,000,State - ANDAMAN & NICOBAR ISLANDS,Total,9,6172,3103,3069,289,136,153,5883,2967,2916,5275,2645,2630,573,302,271,0,0,0,0,0,0,0,0,0
3056,35,000,State - ANDAMAN & NICOBAR ISLANDS,Total,10,7051,3608,3443,282,154,128,6769,3454,3315,4208,2153,2055,2528,1288,1240,0,0,0,0,0,0,0,0,0
3057,35,000,State - ANDAMAN & NICOBAR ISLANDS,Total,11,6929,3506,3423,188,107,81,6741,3399,3342,1614,842,772,5086,2529,2557,0,0,0,0,0,0,0,0,0
3058,35,000,State - ANDAMAN & NICOBAR ISLANDS,Total,12,6474,3261,3213,83,35,48,6391,3226,3165,526,282,244,5269,2628,2641,569,303,266,0,0,0,0,0,0
3059,35,000,State - ANDAMAN & NICOBAR ISLANDS,Total,13,6497,3367,3130,83,38,45,6414,3329,3085,225,132,93,4143,2195,1948,2017,986,1031,0,0,0,0,0,0
3060,35,000,State - ANDAMAN & NICOBAR ISLANDS,Total,14,6516,3376,3140,88,44,44,6428,3332,3096,142,79,63,2112,1168,944,4142,2071,2071,0,0,0,0,0,0
3061,35,000,State - ANDAMAN & NICOBAR ISLANDS,Total,15,6728,3480,3248,115,54,61,6613,3426,3187,126,72,54,1179,678,501,3854,1995,1859,1418,661,757,0,0,0
3062,35,000,State - ANDAMAN & NICOBAR ISLANDS,Total,16,6499,3397,3102,97,48,49,6402,3349,3053,157,90,67,663,398,265,2549,1434,1115,3005,1413,1592,0,0,0
3063,35,000,State - ANDAMAN & NICOBAR ISLANDS,Total,17,6407,3400,3007,108,45,63,6299,3355,2944,121,70,51,566,360,206,1798,1062,736,3772,1839,1933,0,0,0
3064,35,000,State - ANDAMAN & NICOBAR ISLANDS,Total,18,6870,3587,3283,182,89,93,6688,3498,3190,193,118,75,791,458,333,1626,903,723,3996,1975,2021,0,0,0
3065,35,000,State - ANDAMAN & NICOBAR ISLANDS,Total,19,6522,3402,3120,190,108,82,6332,3294,3038,183,124,59,778,450,328,1426,785,641,3863,1886,1977,0,0,0
3066,35,000,State - ANDAMAN & NICOBAR ISLANDS,Total,20-24,37115,19528,17587,1650,735,915,35465,18793,16672,1510,888,622,5376,3043,2333,8506,4642,3864,16032,8342,7690,3337,1488,1849
3067,35,000,State - ANDAMAN & NICOBAR ISLANDS,Total,25-29,41722,22230,19492,2619,1051,1568,39103,21179,17924,1968,1091,877,6893,3736,3157,10497,5706,4791,13478,7458,6020,5399,2710,2689
3068,35,000,State - ANDAMAN & NICOBAR ISLANDS,Total,30-34,35723,19359,16364,2817,1112,1705,32906,18247,14659,1930,974,956,5994,3208,2786,9255,5210,4045,10653,6094,4559,4335,2379,1956
3069,35,000,State - ANDAMAN & NICOBAR ISLANDS,Total,35-39,32842,17170,15672,4081,1445,2636,28761,15725,13036,2184,1039,1145,6093,3106,2987,7533,4264,3269,8648,4948,3700,3541,2020,1521
3070,35,000,State - ANDAMAN & NICOBAR ISLANDS,Total,40-44,26735,14813,11922,4851,1812,3039,21884,13001,8883,2122,1084,1038,4742,2612,2130,4842,3038,1804,6528,4119,2409,3007,1818,1189
3071,35,000,State - ANDAMAN & NICOBAR ISLANDS,Total,45-49,23861,13270,10591,5565,2040,3525,18296,11230,7066,2395,1297,1098,4911,2821,2090,3671,2429,1242,4645,3052,1593,2001,1319,682
3072,35,000,State - ANDAMAN & NICOBAR ISLANDS,Total,50-54,17296,9710,7586,4784,1790,2994,12512,7920,4592,1692,941,751,3491,2109,1382,2520,1686,834,3093,2068,1025,1226,867,359
3073,35,000,State - ANDAMAN & NICOBAR ISLANDS,Total,55-59,13794,7870,5924,4372,1664,2708,9422,6206,3216,1575,885,690,2605,1634,971,1662,1193,469,2444,1731,713,749,573,176
3074,35,000,State - ANDAMAN & NICOBAR ISLANDS,Total,60-64,10376,5807,4569,4257,1629,2628,6119,4178,1941,1255,793,462,1996,1324,672,982,727,255,1230,922,308,294,238,56
3075,35,000,State - ANDAMAN & NICOBAR ISLANDS,Total,65-69,6226,3430,2796,2825,1091,1734,3401,2339,1062,839,548,291,1161,788,373,479,355,124,561,421,140,120,106,14
3076,35,000,State - ANDAMAN & NICOBAR ISLANDS,Total,70-74,4098,2378,1720,1998,805,1193,2100,1573,527,555,397,158,702,543,159,294,246,48,331,258,73,63,48,15
3077,35,000,State - ANDAMAN & NICOBAR ISLANDS,Total,75-79,2251,1295,956,1114,456,658,1137,839,298,333,248,85,370,272,98,175,140,35,141,111,30,33,23,10
3078,35,000,State - ANDAMAN & NICOBAR ISLANDS,Total,80+,2473,1279,1194,1380,507,873,1093,772,321,281,206,75,347,244,103,171,133,38,156,119,37,34,21,13
3079,35,000,State - ANDAMAN & NICOBAR ISLANDS,Total,Age not stated,368,195,173,74,26,48,294,169,125,39,21,18,46,26,20,52,29,23,80,50,30,20,12,8
3080,35,000,State - ANDAMAN & NICOBAR ISLANDS,Rural,All ages,237093,126287,110806,59068,26327,32741,178025,99960,78065,29260,15759,13501,46301,25673,20628,44616,25476,19140,44592,25514,19078,8958,5335,3623
3081,35,000,State - ANDAMAN & NICOBAR ISLANDS,Rural,0-6,26415,13370,13045,26415,13370,13045,0,0,0,0,0,0,0,0,0,0,0,0,0,0,0,0,0,0
3082,35,000,State - ANDAMAN & NICOBAR ISLANDS,Rural,7,3919,2061,1858,770,411,359,3149,1650,1499,3092,1621,1471,0,0,0,0,0,0,0,0,0,0,0,0
3083,35,000,State - ANDAMAN & NICOBAR ISLANDS,Rural,8,3723,1938,1785,233,124,109,3490,1814,1676,3464,1802,1662,0,0,0,0,0,0,0,0,0,0,0,0
3084,35,000,State - ANDAMAN & NICOBAR ISLANDS,Rural,9,3883,1949,1934,209,99,110,3674,1850,1824,3307,1661,1646,345,175,170,0,0,0,0,0,0,0,0,0
3085,35,000,State - ANDAMAN & NICOBAR ISLANDS,Rural,10,4436,2271,2165,193,99,94,4243,2172,2071,2679,1388,1291,1544,777,767,0,0,0,0,0,0,0,0,0
3086,35,000,State - ANDAMAN & NICOBAR ISLANDS,Rural,11,4374,2164,2210,141,80,61,4233,2084,2149,1049,528,521,3162,1539,1623,0,0,0,0,0,0,0,0,0
3087,35,000,State - ANDAMAN & NICOBAR ISLANDS,Rural,12,4096,2034,2062,61,27,34,4035,2007,2028,357,192,165,3352,1632,1720,308,175,133,0,0,0,0,0,0
3088,35,000,State - ANDAMAN & NICOBAR ISLANDS,Rural,13,4171,2115,2056,57,24,33,4114,2091,2023,153,86,67,2712,1414,1298,1231,578,653,0,0,0,0,0,0
3089,35,000,State - ANDAMAN & NICOBAR ISLANDS,Rural,14,4149,2147,2002,62,32,30,4087,2115,1972,105,58,47,1431,778,653,2527,1269,1258,0,0,0,0,0,0
3090,35,000,State - ANDAMAN & NICOBAR ISLANDS,Rural,15,4169,2176,1993,77,40,37,4092,2136,1956,94,56,38,839,472,367,2372,1234,1138,763,362,401,0,0,0
3091,35,000,State - ANDAMAN & NICOBAR ISLANDS,Rural,16,4010,2105,1905,68,30,38,3942,2075,1867,112,67,45,466,282,184,1664,923,741,1682,793,889,0,0,0
3092,35,000,State - ANDAMAN & NICOBAR ISLANDS,Rural,17,3929,2074,1855,83,31,52,3846,2043,1803,86,46,40,422,268,154,1221,702,519,2096,1016,1080,0,0,0
3093,35,000,State - ANDAMAN & NICOBAR ISLANDS,Rural,18,4282,2228,2054,117,53,64,4165,2175,1990,127,74,53,549,316,233,1140,617,523,2298,1139,1159,0,0,0
3094,35,000,State - ANDAMAN & NICOBAR ISLANDS,Rural,19,3979,2061,1918,115,64,51,3864,1997,1867,113,72,41,535,290,245,1002,535,467,2159,1066,1093,0,0,0
3095,35,000,State - ANDAMAN & NICOBAR ISLANDS,Rural,20-24,22540,11654,10886,1127,487,640,21413,11167,10246,1091,605,486,3766,2055,1711,5758,3044,2714,9213,4713,4500,1164,522,642
3096,35,000,State - ANDAMAN & NICOBAR ISLANDS,Rural,25-29,25558,13675,11883,1744,682,1062,23814,12993,10821,1515,829,686,4886,2628,2258,7043,3823,3220,7702,4347,3355,2147,1084,1063
3097,35,000,State - ANDAMAN & NICOBAR ISLANDS,Rural,30-34,21811,11945,9866,1861,735,1126,19950,11210,8740,1521,769,752,4285,2312,1973,6262,3505,2757,5655,3335,2320,1790,1061,729
3098,35,000,State - ANDAMAN & NICOBAR ISLANDS,Rural,35-39,19802,10424,9378,2687,962,1725,17115,9462,7653,1677,797,880,4292,2221,2071,4944,2784,2160,4302,2536,1766,1443,910,533
3099,35,000,State - ANDAMAN & NICOBAR ISLANDS,Rural,40-44,15959,8921,7038,3350,1275,2075,12609,7646,4963,1670,873,797,3241,1819,1422,3055,1961,1094,3150,2074,1076,1097,735,362
3100,35,000,State - ANDAMAN & NICOBAR ISLANDS,Rural,45-49,14432,7991,6441,3921,1475,2446,10511,6516,3995,1829,981,848,3272,1876,1396,2270,1505,765,2066,1453,613,649,483,166
3101,35,000,State - ANDAMAN & NICOBAR ISLANDS,Rural,50-54,10675,5987,4688,3455,1327,2128,7220,4660,2560,1331,757,574,2369,1462,907,1526,1056,470,1356,963,393,334,264,70
3102,35,000,State - ANDAMAN & NICOBAR ISLANDS,Rural,55-59,8662,4889,3773,3212,1267,1945,5450,3622,1828,1242,705,537,1705,1095,610,1020,745,275,1043,800,243,193,156,37
3103,35,000,State - ANDAMAN & NICOBAR ISLANDS,Rural,60-64,7102,3899,3203,3258,1242,2016,3844,2657,1187,991,616,375,1380,940,440,582,442,140,577,482,95,68,60,8
3104,35,000,State - ANDAMAN & NICOBAR ISLANDS,Rural,65-69,4469,2477,1992,2239,896,1343,2230,1581,649,696,453,243,769,556,213,293,232,61,253,210,43,38,34,4
3105,35,000,State - ANDAMAN & NICOBAR ISLANDS,Rural,70-74,2905,1687,1218,1579,665,914,1326,1022,304,437,320,117,481,389,92,173,153,20,117,96,21,7,7,0
3106,35,000,State - ANDAMAN & NICOBAR ISLANDS,Rural,75-79,1606,952,654,880,376,504,726,576,150,259,206,53,242,191,51,101,92,9,56,50,6,11,7,4
3107,35,000,State - ANDAMAN & NICOBAR ISLANDS,Rural,80+,1857,992,865,1116,439,677,741,553,188,243,188,55,235,176,59,103,87,16,68,53,15,11,7,4
3108,35,000,State - ANDAMAN & NICOBAR ISLANDS,Rural,Age not stated,180,101,79,38,15,23,142,86,56,20,9,11,21,10,11,21,14,7,36,26,10,6,5,1
3109,35,000,State - ANDAMAN & NICOBAR ISLANDS,Urban,All ages,143488,76584,66904,27232,12167,15065,116256,64417,51839,12869,6754,6115,22114,12247,9867,24004,13861,10143,39482,21953,17529,15201,8287,6914
3110,35,000,State - ANDAMAN & NICOBAR ISLANDS,Urban,0-6,14463,7400,7063,14463,7400,7063,0,0,0,0,0,0,0,0,0,0,0,0,0,0,0,0,0,0
3111,35,000,State - ANDAMAN & NICOBAR ISLANDS,Urban,7,2299,1147,1152,256,134,122,2043,1013,1030,1997,985,1012,0,0,0,0,0,0,0,0,0,0,0,0
3112,35,000,State - ANDAMAN & NICOBAR ISLANDS,Urban,8,2217,1134,1083,71,34,37,2146,1100,1046,2128,1086,1042,0,0,0,0,0,0,0,0,0,0,0,0
3113,35,000,State - ANDAMAN & NICOBAR ISLANDS,Urban,9,2289,1154,1135,80,37,43,2209,1117,1092,1968,984,984,228,127,101,0,0,0,0,0,0,0,0,0
3114,35,000,State - ANDAMAN & NICOBAR ISLANDS,Urban,10,2615,1337,1278,89,55,34,2526,1282,1244,1529,765,764,984,511,473,0,0,0,0,0,0,0,0,0
3115,35,000,State - ANDAMAN & NICOBAR ISLANDS,Urban,11,2555,1342,1213,47,27,20,2508,1315,1193,565,314,251,1924,990,934,0,0,0,0,0,0,0,0,0
3116,35,000,State - ANDAMAN & NICOBAR ISLANDS,Urban,12,2378,1227,1151,22,8,14,2356,1219,1137,169,90,79,1917,996,921,261,128,133,0,0,0,0,0,0
3117,35,000,State - ANDAMAN & NICOBAR ISLANDS,Urban,13,2326,1252,1074,26,14,12,2300,1238,1062,72,46,26,1431,781,650,786,408,378,0,0,0,0,0,0
3118,35,000,State - ANDAMAN & NICOBAR ISLANDS,Urban,14,2367,1229,1138,26,12,14,2341,1217,1124,37,21,16,681,390,291,1615,802,813,0,0,0,0,0,0
3119,35,000,State - ANDAMAN & NICOBAR ISLANDS,Urban,15,2559,1304,1255,38,14,24,2521,1290,1231,32,16,16,340,206,134,1482,761,721,655,299,356,0,0,0
3120,35,000,State - ANDAMAN & NICOBAR ISLANDS,Urban,16,2489,1292,1197,29,18,11,2460,1274,1186,45,23,22,197,116,81,885,511,374,1323,620,703,0,0,0
3121,35,000,State - ANDAMAN & NICOBAR ISLANDS,Urban,17,2478,1326,1152,25,14,11,2453,1312,1141,35,24,11,144,92,52,577,360,217,1676,823,853,0,0,0
3122,35,000,State - ANDAMAN & NICOBAR ISLANDS,Urban,18,2588,1359,1229,65,36,29,2523,1323,1200,66,44,22,242,142,100,486,286,200,1698,836,862,0,0,0
3123,35,000,State - ANDAMAN & NICOBAR ISLANDS,Urban,19,2543,1341,1202,75,44,31,2468,1297,1171,70,52,18,243,160,83,424,250,174,1704,820,884,0,0,0
3124,35,000,State - ANDAMAN & NICOBAR ISLANDS,Urban,20-24,14575,7874,6701,523,248,275,14052,7626,6426,419,283,136,1610,988,622,2748,1598,1150,6819,3629,3190,2173,966,1207
3125,35,000,State - ANDAMAN & NICOBAR ISLANDS,Urban,25-29,16164,8555,7609,875,369,506,15289,8186,7103,453,262,191,2007,1108,899,3454,1883,1571,5776,3111,2665,3252,1626,1626
3126,35,000,State - ANDAMAN & NICOBAR ISLANDS,Urban,30-34,13912,7414,6498,956,377,579,12956,7037,5919,409,205,204,1709,896,813,2993,1705,1288,4998,2759,2239,2545,1318,1227
3127,35,000,State - ANDAMAN & NICOBAR ISLANDS,Urban,35-39,13040,6746,6294,1394,483,911,11646,6263,5383,507,242,265,1801,885,916,2589,1480,1109,4346,2412,1934,2098,1110,988
3128,35,000,State - ANDAMAN & NICOBAR ISLANDS,Urban,40-44,10776,5892,4884,1501,537,964,9275,5355,3920,452,211,241,1501,793,708,1787,1077,710,3378,2045,1333,1910,1083,827
3129,35,000,State - ANDAMAN & NICOBAR ISLANDS,Urban,45-49,9429,5279,4150,1644,565,1079,7785,4714,3071,566,316,250,1639,945,694,1401,924,477,2579,1599,980,1352,836,516
3130,35,000,State - ANDAMAN & NICOBAR ISLANDS,Urban,50-54,6621,3723,2898,1329,463,866,5292,3260,2032,361,184,177,1122,647,475,994,630,364,1737,1105,632,892,603,289
3131,35,000,State - ANDAMAN & NICOBAR ISLANDS,Urban,55-59,5132,2981,2151,1160,397,763,3972,2584,1388,333,180,153,900,539,361,642,448,194,1401,931,470,556,417,139
3132,35,000,State - ANDAMAN & NICOBAR ISLANDS,Urban,60-64,3274,1908,1366,999,387,612,2275,1521,754,264,177,87,616,384,232,400,285,115,653,440,213,226,178,48
3133,35,000,State - ANDAMAN & NICOBAR ISLANDS,Urban,65-69,1757,953,804,586,195,391,1171,758,413,143,95,48,392,232,160,186,123,63,308,211,97,82,72,10
3134,35,000,State - ANDAMAN & NICOBAR ISLANDS,Urban,70-74,1193,691,502,419,140,279,774,551,223,118,77,41,221,154,67,121,93,28,214,162,52,56,41,15
3135,35,000,State - ANDAMAN & NICOBAR ISLANDS,Urban,75-79,645,343,302,234,80,154,411,263,148,74,42,32,128,81,47,74,48,26,85,61,24,22,16,6
3136,35,000,State - ANDAMAN & NICOBAR ISLANDS,Urban,80+,616,287,329,264,68,196,352,219,133,38,18,20,112,68,44,68,46,22,88,66,22,23,14,9
3137,35,000,State - ANDAMAN & NICOBAR ISLANDS,Urban,Age not stated,188,94,94,36,11,25,152,83,69,19,12,7,25,16,9,31,15,16,44,24,20,14,7,7
