,State_code,District_code,Area_name,Age_grp,T_P,T_M,T_F,R_P,R_M,R_F,U_P,U_M,U_F
1,00,000,India,0-4,112806778,58632074,54174704,82986660,43036377,39950283,29820118,15595697,14224421
3,00,000,India,10-14,132709212,69418835,63290377,96804494,50488158,46316336,35904718,18930677,16974041
4,00,000,India,15-19,120526449,63982396,56544053,83902472,44570557,39331915,36623977,19411839,17212138
5,00,000,India,20-24,111424222,57584693,53839529,73835046,38138662,35696384,37589176,19446031,18143145
6,00,000,India,25-29,101413965,51344208,50069757,66068270,33375989,32692281,35345695,17968219,17377476
684,00,000,India,30-49,308492074,157263555,151228519,202243722,102489258,99754464,106248352,54774297,51474055
2,00,000,India,5-9,126928126,66300466,60627660,93807612,48825259,44982353,33120514,17475207,15645307
685,00,000,India,50-69,152333999,76945353,75388646,103100817,51465979,51634838,49233182,25479374,23753808
686,00,000,India,70+,39730350,19425797,20304553,28086307,13857399,14228908,11644043,5568398,6075645
18,00,000,India,Age not stated,4489802,2372881,2116921,2913452,1533420,1380032,1576350,839461,736889
0,00,000,India,All ages,1210854977,623270258,587584719,833748852,427781058,405967794,377106125,195489200,181616925
20,01,000,State - JAMMU & KASHMIR (01),0-4,1414884,763501,651383,1115289,600891,514398,299595,162610,136985
22,01,000,State - JAMMU & KASHMIR (01),10-14,1413853,744855,668998,1097236,575511,521725,316617,169344,147273
23,01,000,State - JAMMU & KASHMIR (01),15-19,1237462,640362,597100,926108,477098,449010,311354,163264,148090
24,01,000,State - JAMMU & KASHMIR (01),20-24,1160913,603578,557335,827361,423292,404069,333552,180286,153266
25,01,000,State - JAMMU & KASHMIR (01),25-29,1086122,584559,501563,738568,385544,353024,347554,199015,148539
687,01,000,State - JAMMU & KASHMIR (01),30-49,3069723,1636310,1433413,2084143,1089354,994789,985580,546956,438624
21,01,000,State - JAMMU & KASHMIR (01),5-9,1411973,746818,665155,1109056,584994,524062,302917,161824,141093
688,01,000,State - JAMMU & KASHMIR (01),50-69,1335288,704522,630766,914212,480465,433747,421076,224057,197019
689,01,000,State - JAMMU & KASHMIR (01),70+,395965,206410,189555,285244,150469,134775,110721,55941,54780
37,01,000,State - JAMMU & KASHMIR (01),Age not stated,15119,9747,5372,10843,6859,3984,4276,2888,1388
19,01,000,State - JAMMU & KASHMIR (01),All ages,12541302,6640662,5900640,9108060,4774477,4333583,3433242,1866185,1567057
39,02,000,State - HIMACHAL PRADESH (02),0-4,544984,285011,259973,500931,261743,239188,44053,23268,20785
41,02,000,State - HIMACHAL PRADESH (02),10-14,639224,338240,300984,580265,305500,274765,58959,32740,26219
42,02,000,State - HIMACHAL PRADESH (02),15-19,640461,336729,303732,575991,300554,275437,64470,36175,28295
43,02,000,State - HIMACHAL PRADESH (02),20-24,643866,323720,320146,573439,285167,288272,70427,38553,31874
44,02,000,State - HIMACHAL PRADESH (02),25-29,589160,290125,299035,523605,255016,268589,65555,35109,30446
690,02,000,State - HIMACHAL PRADESH (02),30-49,1905011,949394,955617,1690078,835804,854274,214933,113590,101343
40,02,000,State - HIMACHAL PRADESH (02),5-9,591177,311457,279720,537559,282441,255118,53618,29016,24602
691,02,000,State - HIMACHAL PRADESH (02),50-69,987526,494820,492706,893863,443071,450792,93663,51749,41914
692,02,000,State - HIMACHAL PRADESH (02),70+,313030,147024,166006,290933,136150,154783,22097,10874,11223
56,02,000,State - HIMACHAL PRADESH (02),Age not stated,10163,5353,4810,9386,4899,4487,777,454,323
38,02,000,State - HIMACHAL PRADESH (02),All ages,6864602,3481873,3382729,6176050,3110345,3065705,688552,371528,317024
58,03,000,State - PUNJAB (03),0-4,2133529,1149956,983573,1351369,729984,621385,782160,419972,362188
60,03,000,State - PUNJAB (03),10-14,2583402,1445530,1137872,1668828,931366,737462,914574,514164,400410
61,03,000,State - PUNJAB (03),15-19,2817683,1570180,1247503,1814427,1003831,810596,1003256,566349,436907
62,03,000,State - PUNJAB (03),20-24,2776636,1465531,1311105,1706833,888739,818094,1069803,576792,493011
63,03,000,State - PUNJAB (03),25-29,2463861,1270405,1193456,1455456,738196,717260,1008405,532209,476196
693,03,000,State - PUNJAB (03),30-49,7481850,3820738,3661112,4533934,2292006,2241928,2947916,1528732,1419184
59,03,000,State - PUNJAB (03),5-9,2368019,1301682,1066337,1507022,827905,679117,860997,473777,387220
694,03,000,State - PUNJAB (03),50-69,3927197,2004798,1922399,2469843,1249308,1220535,1457354,755490,701864
695,03,000,State - PUNJAB (03),70+,1149639,588373,561266,806870,416308,390562,342769,172065,170704
75,03,000,State - PUNJAB (03),Age not stated,41522,22272,19250,29610,15833,13777,11912,6439,5473
57,03,000,State - PUNJAB (03),All ages,27743338,14639465,13103873,17344192,9093476,8250716,10399146,5545989,4853157
77,04,000,State - CHANDIGARH (04),0-4,81854,43347,38507,3021,1611,1410,78833,41736,37097
79,04,000,State - CHANDIGARH (04),10-14,93464,52140,41324,2537,1421,1116,90927,50719,40208
80,04,000,State - CHANDIGARH (04),15-19,104418,60521,43897,2765,1787,978,101653,58734,42919
81,04,000,State - CHANDIGARH (04),20-24,121244,68467,52777,3593,2255,1338,117651,66212,51439
82,04,000,State - CHANDIGARH (04),25-29,110237,60694,49543,3806,2260,1546,106431,58434,47997
696,04,000,State - CHANDIGARH (04),30-49,303748,165352,138396,8018,4942,3076,295730,160410,135320
78,04,000,State - CHANDIGARH (04),5-9,91194,49255,41939,2921,1572,1349,88273,47683,40590
697,04,000,State - CHANDIGARH (04),50-69,123507,67633,55874,1962,1104,858,121545,66529,55016
698,04,000,State - CHANDIGARH (04),70+,25438,13053,12385,362,194,168,25076,12859,12217
94,04,000,State - CHANDIGARH (04),Age not stated,346,201,145,6,4,2,340,197,143
76,04,000,State - CHANDIGARH (04),All ages,1055450,580663,474787,28991,17150,11841,1026459,563513,462946
96,05,000,State - UTTARAKHAND (05),0-4,924864,488988,435876,677293,356937,320356,247571,132051,115520
98,05,000,State - UTTARAKHAND (05),10-14,1145343,603274,542069,835418,434578,400840,309925,168696,141229
99,05,000,State - UTTARAKHAND (05),15-19,1124110,588483,535627,792898,407069,385829,331212,181414,149798
100,05,000,State - UTTARAKHAND (05),20-24,970068,484614,485454,648027,312431,335596,322041,172183,149858
101,05,000,State - UTTARAKHAND (05),25-29,810184,397363,412821,529754,253277,276477,280430,144086,136344
699,05,000,State - UTTARAKHAND (05),30-49,2419886,1209774,1210112,1605056,785147,819909,814830,424627,390203
97,05,000,State - UTTARAKHAND (05),5-9,1058801,560179,498622,770582,404255,366327,288219,155924,132295
700,05,000,State - UTTARAKHAND (05),50-69,1263434,625521,637913,899333,432102,467231,364101,193419,170682
701,05,000,State - UTTARAKHAND (05),70+,352994,170265,182729,268121,127498,140623,84873,42767,42106
113,05,000,State - UTTARAKHAND (05),Age not stated,16608,9312,7296,10472,5748,4724,6136,3564,2572
95,05,000,State - UTTARAKHAND (05),All ages,10086292,5137773,4948519,7036954,3519042,3517912,3049338,1618731,1430607
115,06,000,State - HARYANA (06),0-4,2362519,1283789,1078730,1602923,870623,732300,759596,413166,346430
117,06,000,State - HARYANA (06),10-14,2668678,1474136,1194542,1812859,996086,816773,855819,478050,377769
118,06,000,State - HARYANA (06),15-19,2677390,1487548,1189842,1799991,994391,805600,877399,493157,384242
119,06,000,State - HARYANA (06),20-24,2567486,1372799,1194687,1658579,889577,769002,908907,483222,425685
120,06,000,State - HARYANA (06),25-29,2231959,1178340,1053619,1384241,737729,646512,847718,440611,407107
702,06,000,State - HARYANA (06),30-49,6403218,3335891,3067327,3984236,2074213,1910023,2418982,1261678,1157304
116,06,000,State - HARYANA (06),5-9,2498757,1371825,1126932,1679882,920472,759410,818875,451353,367522
703,06,000,State - HARYANA (06),50-69,3064954,1554125,1510829,1970560,983214,987346,1094394,570911,523483
704,06,000,State - HARYANA (06),70+,844967,419393,425574,595507,296690,298817,249460,122703,126757
132,06,000,State - HARYANA (06),Age not stated,31534,16888,14646,20581,11011,9570,10953,5877,5076
114,06,000,State - HARYANA (06),All ages,25351462,13494734,11856728,16509359,8774006,7735353,8842103,4720728,4121375
134,07,000,State - NCT OF DELHI (07),0-4,1381200,734336,646864,39125,21481,17644,1342075,712855,629220
136,07,000,State - NCT OF DELHI (07),10-14,1648147,895446,752701,45883,25479,20404,1602264,869967,732297
137,07,000,State - NCT OF DELHI (07),15-19,1667375,925118,742257,44367,24916,19451,1623008,900202,722806
138,07,000,State - NCT OF DELHI (07),20-24,1764060,951411,812649,44407,23805,20602,1719653,927606,792047
139,07,000,State - NCT OF DELHI (07),25-29,1668326,878196,790130,39250,20584,18666,1629076,857612,771464
705,07,000,State - NCT OF DELHI (07),30-49,4762353,2541995,2220358,111119,59330,51789,4651234,2482665,2168569
135,07,000,State - NCT OF DELHI (07),5-9,1535972,829487,706485,42594,23698,18896,1493378,805789,687589
706,07,000,State - NCT OF DELHI (07),50-69,1940832,1022908,917924,42393,22114,20279,1898439,1000794,897645
707,07,000,State - NCT OF DELHI (07),70+,402974,199254,203720,9387,4633,4754,393587,194621,198966
151,07,000,State - NCT OF DELHI (07),Age not stated,16702,9175,7527,517,281,236,16185,8894,7291
133,07,000,State - NCT OF DELHI (07),All ages,16787941,8987326,7800615,419042,226321,192721,16368899,8761005,7607894
153,08,000,State - RAJASTHAN (08),0-4,7302170,3858574,3443596,5770924,3045730,2725194,1531246,812844,718402
155,08,000,State - RAJASTHAN (08),10-14,8380518,4430696,3949822,6537189,3446732,3090457,1843329,983964,859365
156,08,000,State - RAJASTHAN (08),15-19,7314017,3889874,3424143,5496935,2918083,2578852,1817082,971791,845291
157,08,000,State - RAJASTHAN (08),20-24,6426494,3377483,3049011,4682761,2471674,2211087,1743733,905809,837924
158,08,000,State - RAJASTHAN (08),25-29,5348497,2763059,2585438,3832693,1981853,1850840,1515804,781206,734598
708,08,000,State - RAJASTHAN (08),30-49,15938006,8121787,7816219,11513684,5842607,5671077,4424322,2279180,2145142
154,08,000,State - RAJASTHAN (08),5-9,8042738,4258873,3783865,6326379,3336981,2989398,1716359,921892,794467
709,08,000,State - RAJASTHAN (08),50-69,7444772,3754368,3690404,5516157,2751911,2764246,1928615,1002457,926158
710,08,000,State - RAJASTHAN (08),70+,2081623,958768,1122855,1609143,737520,871623,472480,221248,251232
170,08,000,State - RAJASTHAN (08),Age not stated,269602,137515,132087,214487,108656,105831,55115,28859,26256
152,08,000,State - RAJASTHAN (08),All ages,68548437,35550997,32997440,51500352,26641747,24858605,17048085,8909250,8138835
172,09,000,State - UTTAR PRADESH (09),0-4,20376668,10660474,9716194,16556223,8640363,7915860,3820445,2020111,1800334
174,09,000,State - UTTAR PRADESH (09),10-14,25869881,13679154,12190727,20773940,10962322,9811618,5095941,2716832,2379109
175,09,000,State - UTTAR PRADESH (09),15-19,23040380,12307573,10732807,17779084,9493418,8285666,5261296,2814155,2447141
176,09,000,State - UTTAR PRADESH (09),20-24,17578648,9405485,8173163,12989044,6927701,6061343,4589604,2477784,2111820
177,09,000,State - UTTAR PRADESH (09),25-29,14579829,7466367,7113462,10860729,5531452,5329277,3719100,1934915,1784185
711,09,000,State - UTTAR PRADESH (09),30-49,44192083,22609942,21582141,33297613,16968156,16329457,10894470,5641786,5252684
173,09,000,State - UTTAR PRADESH (09),5-9,25061717,13250331,11811386,20362456,10744603,9617853,4699261,2505728,2193533
712,09,000,State - UTTAR PRADESH (09),50-69,21596329,11125361,10470968,16751732,8569570,8182162,4844597,2555791,2288806
713,09,000,State - UTTAR PRADESH (09),70+,5894744,3109890,2784854,4774027,2531030,2242997,1120717,578860,541857
189,09,000,State - UTTAR PRADESH (09),Age not stated,1622062,865933,756129,1172430,624380,548050,449632,241553,208079
171,09,000,State - UTTAR PRADESH (09),All ages,199812341,104480510,95331831,155317278,80992995,74324283,44495063,23487515,21007548
191,10,000,State - BIHAR (10),0-4,12765029,6576871,6188158,11600288,5969825,5630463,1164741,607046,557695
193,10,000,State - BIHAR (10),10-14,13919882,7323831,6596051,12472947,6563975,5908972,1446935,759856,687079
194,10,000,State - BIHAR (10),15-19,9472695,5290581,4182114,8243729,4622498,3621231,1228966,668083,560883
195,10,000,State - BIHAR (10),20-24,8064735,4210585,3854150,7011053,3644529,3366524,1053682,566056,487626
196,10,000,State - BIHAR (10),25-29,7671705,3828687,3843018,6722688,3340162,3382526,949017,488525,460492
714,10,000,State - BIHAR (10),30-49,22949064,11785560,11163504,20106696,10300146,9806550,2842368,1485414,1356954
192,10,000,State - BIHAR (10),5-9,15036277,7796359,7239918,13630801,7057963,6572838,1405476,738396,667080
715,10,000,State - BIHAR (10),50-69,11207205,5802424,5404781,9884100,5099038,4785062,1323105,703386,619719
716,10,000,State - BIHAR (10),70+,2609358,1442950,1166408,2320109,1285167,1034942,289249,157783,131466
208,10,000,State - BIHAR (10),Age not stated,403502,220309,183193,349025,190547,158478,54477,29762,24715
190,10,000,State - BIHAR (10),All ages,104099452,54278157,49821295,92341436,48073850,44267586,11758016,6204307,5553709
210,11,000,State - SIKKIM (11),0-4,42336,21685,20651,32382,16541,15841,9954,5144,4810
212,11,000,State - SIKKIM (11),10-14,66923,33965,32958,52191,26588,25603,14732,7377,7355
213,11,000,State - SIKKIM (11),15-19,66937,33998,32939,50759,25943,24816,16178,8055,8123
214,11,000,State - SIKKIM (11),20-24,67297,35146,32151,49839,26301,23538,17458,8845,8613
215,11,000,State - SIKKIM (11),25-29,64639,34700,29939,46628,25475,21153,18011,9225,8786
717,11,000,State - SIKKIM (11),30-49,161866,88242,73624,115555,63197,52358,46311,25045,21266
211,11,000,State - SIKKIM (11),5-9,56678,28688,27990,44158,22334,21824,12520,6354,6166
718,11,000,State - SIKKIM (11),50-69,66006,36571,29435,50707,27966,22741,15299,8605,6694
719,11,000,State - SIKKIM (11),70+,16719,9438,7281,13793,7921,5872,2926,1517,1409
227,11,000,State - SIKKIM (11),Age not stated,1176,637,539,987,531,456,189,106,83
209,11,000,State - SIKKIM (11),All ages,610577,323070,287507,456999,242797,214202,153578,80273,73305
229,12,000,State - ARUNACHAL PRADESH (12),0-4,142879,72464,70415,115773,58593,57180,27106,13871,13235
231,12,000,State - ARUNACHAL PRADESH (12),10-14,179359,90439,88920,140026,70980,69046,39333,19459,19874
232,12,000,State - ARUNACHAL PRADESH (12),15-19,155968,78673,77295,116064,58961,57103,39904,19712,20192
233,12,000,State - ARUNACHAL PRADESH (12),20-24,131696,66033,65663,97891,49023,48868,33805,17010,16795
234,12,000,State - ARUNACHAL PRADESH (12),25-29,123714,63366,60348,90931,45974,44957,32783,17392,15391
720,12,000,State - ARUNACHAL PRADESH (12),30-49,337844,178707,159137,248963,128928,120035,88881,49779,39102
230,12,000,State - ARUNACHAL PRADESH (12),5-9,171123,86699,84424,138348,70237,68111,32775,16462,16313
721,12,000,State - ARUNACHAL PRADESH (12),50-69,116414,64617,51797,96416,51863,44553,19998,12754,7244
722,12,000,State - ARUNACHAL PRADESH (12),70+,23221,12055,11166,20753,10791,9962,2468,1264,1204
246,12,000,State - ARUNACHAL PRADESH (12),Age not stated,1509,859,650,1193,661,532,316,198,118
228,12,000,State - ARUNACHAL PRADESH (12),All ages,1383727,713912,669815,1066358,546011,520347,317369,167901,149468
248,13,000,State - NAGALAND (13),0-4,197262,101291,95971,147261,75981,71280,50001,25310,24691
250,13,000,State - NAGALAND (13),10-14,248671,129237,119434,181149,94658,86491,67522,34579,32943
251,13,000,State - NAGALAND (13),15-19,229622,117994,111628,161926,83359,78567,67696,34635,33061
252,13,000,State - NAGALAND (13),20-24,204363,103769,100594,139581,70944,68637,64782,32825,31957
253,13,000,State - NAGALAND (13),25-29,176901,89598,87303,117131,58588,58543,59770,31010,28760
723,13,000,State - NAGALAND (13),30-49,475130,246610,228520,325036,165704,159332,150094,80906,69188
249,13,000,State - NAGALAND (13),5-9,233099,120647,112452,173624,90120,83504,59475,30527,28948
724,13,000,State - NAGALAND (13),50-69,170019,92359,77660,126409,67102,59307,43610,25257,18353
725,13,000,State - NAGALAND (13),70+,41964,22295,19669,34145,18284,15861,7819,4011,3808
265,13,000,State - NAGALAND (13),Age not stated,1471,849,622,1274,732,542,197,117,80
247,13,000,State - NAGALAND (13),All ages,1978502,1024649,953853,1407536,725472,682064,570966,299177,271789
267,14,000,State - MANIPUR (14),0-4,256682,133160,123522,186405,97094,89311,70277,36066,34211
269,14,000,State - MANIPUR (14),10-14,313763,161146,152617,230842,119214,111628,82921,41932,40989
270,14,000,State - MANIPUR (14),15-19,287008,144495,142513,213039,107906,105133,73969,36589,37380
271,14,000,State - MANIPUR (14),20-24,281782,139587,142195,204739,102223,102516,77043,37364,39679
272,14,000,State - MANIPUR (14),25-29,270477,132888,137589,188887,93626,95261,81590,39262,42328
726,14,000,State - MANIPUR (14),30-49,737266,367510,369756,504855,253884,250971,232411,113626,118785
268,14,000,State - MANIPUR (14),5-9,291243,149766,141477,215420,111112,104308,75823,38654,37169
727,14,000,State - MANIPUR (14),50-69,328321,165792,162529,219415,112212,107203,108906,53580,55326
728,14,000,State - MANIPUR (14),70+,81475,40010,41465,52386,26470,25916,29089,13540,15549
284,14,000,State - MANIPUR (14),Age not stated,7777,4232,3545,5652,3143,2509,2125,1089,1036
266,14,000,State - MANIPUR (14),All ages,2855794,1438586,1417208,2021640,1026884,994756,834154,411702,422452
286,15,000,State - MIZORAM (15),0-4,121233,61541,59692,66972,34077,32895,54261,27464,26797
288,15,000,State - MIZORAM (15),10-14,116981,59526,57455,60088,30836,29252,56893,28690,28203
289,15,000,State - MIZORAM (15),15-19,110343,55907,54436,50257,26000,24257,60086,29907,30179
290,15,000,State - MIZORAM (15),20-24,111708,55512,56196,50969,25314,25655,60739,30198,30541
291,15,000,State - MIZORAM (15),25-29,102346,51390,50956,46384,23442,22942,55962,27948,28014
729,15,000,State - MIZORAM (15),30-49,272113,138156,133957,118232,61170,57062,153881,76986,76895
287,15,000,State - MIZORAM (15),5-9,117788,59888,57900,64896,33073,31823,52892,26815,26077
730,15,000,State - MIZORAM (15),50-69,116083,59166,56917,54475,28523,25952,61608,30643,30965
731,15,000,State - MIZORAM (15),70+,27978,13874,14104,12882,6546,6336,15096,7328,7768
303,15,000,State - MIZORAM (15),Age not stated,633,379,254,280,154,126,353,225,128
285,15,000,State - MIZORAM (15),All ages,1097206,555339,541867,525435,269135,256300,571771,286204,285567
305,16,000,State - TRIPURA (16),0-4,322566,164505,158061,258020,131384,126636,64546,33121,31425
307,16,000,State - TRIPURA (16),10-14,357690,183001,174689,282994,144904,138090,74696,38097,36599
308,16,000,State - TRIPURA (16),15-19,357829,181136,176693,274888,139377,135511,82941,41759,41182
309,16,000,State - TRIPURA (16),20-24,373177,183779,189398,280876,138466,142410,92301,45313,46988
310,16,000,State - TRIPURA (16),25-29,344149,175059,169090,252860,129389,123471,91289,45670,45619
732,16,000,State - TRIPURA (16),30-49,1010551,523092,487459,704349,367645,336704,306202,155447,150755
306,16,000,State - TRIPURA (16),5-9,337735,172541,165194,266430,136049,130381,71305,36492,34813
733,16,000,State - TRIPURA (16),50-69,446669,233131,213538,302970,157055,145915,143699,76076,67623
734,16,000,State - TRIPURA (16),70+,121935,57265,64670,88042,42336,45706,33893,14929,18964
322,16,000,State - TRIPURA (16),Age not stated,1616,867,749,1035,568,467,581,299,282
304,16,000,State - TRIPURA (16),All ages,3673917,1874376,1799541,2712464,1387173,1325291,961453,487203,474250
324,17,000,State - MEGHALAYA (17),0-4,406154,205846,200308,351463,177831,173632,54691,28015,26676
326,17,000,State - MEGHALAYA (17),10-14,382606,193473,189133,315360,159784,155576,67246,33689,33557
327,17,000,State - MEGHALAYA (17),15-19,326188,164716,161472,254132,129138,124994,72056,35578,36478
328,17,000,State - MEGHALAYA (17),20-24,285012,139140,145872,217643,105372,112271,67369,33768,33601
329,17,000,State - MEGHALAYA (17),25-29,251281,124676,126605,191850,94964,96886,59431,29712,29719
735,17,000,State - MEGHALAYA (17),30-49,632928,319526,313402,481432,243452,237980,151496,76074,75422
325,17,000,State - MEGHALAYA (17),5-9,389182,197585,191597,331758,168347,163411,57424,29238,28186
736,17,000,State - MEGHALAYA (17),50-69,235334,119505,115829,182185,93423,88762,53149,26082,27067
737,17,000,State - MEGHALAYA (17),70+,52420,24036,28384,40835,19348,21487,11585,4688,6897
341,17,000,State - MEGHALAYA (17),Age not stated,5784,3329,2455,4781,2601,2180,1003,728,275
323,17,000,State - MEGHALAYA (17),All ages,2966889,1491832,1475057,2371439,1194260,1177179,595450,297572,297878
343,18,000,State - ASSAM (18),0-4,3212833,1634922,1577911,2900310,1474612,1425698,312523,160310,152213
345,18,000,State - ASSAM (18),10-14,3491727,1789381,1702346,3099766,1587764,1512002,391961,201617,190344
346,18,000,State - ASSAM (18),15-19,3068581,1595489,1473092,2664091,1388492,1275599,404490,206997,197493
347,18,000,State - ASSAM (18),20-24,2909405,1415580,1493825,2477603,1203111,1274492,431802,212469,219333
348,18,000,State - ASSAM (18),25-29,2815147,1393042,1422105,2386510,1183063,1203447,428637,209979,218658
738,18,000,State - ASSAM (18),30-49,8016988,4139470,3877518,6647273,3433653,3213620,1369715,705817,663898
344,18,000,State - ASSAM (18),5-9,3544339,1806346,1737993,3191197,1624618,1566579,353142,181728,171414
739,18,000,State - ASSAM (18),50-69,3328528,1749038,1579490,2749236,1430712,1318524,579292,318326,260966
740,18,000,State - ASSAM (18),70+,799204,406281,392923,676029,345112,330917,123175,61169,62006
360,18,000,State - ASSAM (18),Age not stated,18824,9894,8930,15019,7852,7167,3805,2042,1763
342,18,000,State - ASSAM (18),All ages,31205576,15939443,15266133,26807034,13678989,13128045,4398542,2260454,2138088
362,19,000,State - WEST BENGAL (19),0-4,7333143,3743862,3589281,5432943,2770164,2662779,1900200,973698,926502
364,19,000,State - WEST BENGAL (19),10-14,9156523,4677506,4479017,6677094,3401028,3276066,2479429,1276478,1202951
365,19,000,State - WEST BENGAL (19),15-19,9058031,4702325,4355706,6442695,3359604,3083091,2615336,1342721,1272615
366,19,000,State - WEST BENGAL (19),20-24,8758322,4422630,4335692,6042721,3062672,2980049,2715601,1359958,1355643
367,19,000,State - WEST BENGAL (19),25-29,7997909,4044904,3953005,5354996,2723495,2631501,2642913,1321409,1321504
741,19,000,State - WEST BENGAL (19),30-49,25343015,13021836,12321179,16496179,8469391,8026788,8846836,4552445,4294391
363,19,000,State - WEST BENGAL (19),5-9,8247809,4216763,4031046,6048643,3085358,2963285,2199166,1131405,1067761
742,19,000,State - WEST BENGAL (19),50-69,12254977,6461816,5793161,7769642,4062902,3706740,4485335,2398914,2086421
743,19,000,State - WEST BENGAL (19),70+,3013935,1453633,1560302,1869819,883964,985855,1144116,569669,574447
379,19,000,State - WEST BENGAL (19),Age not stated,112451,63752,48699,48381,26367,22014,64070,37385,26685
361,19,000,State - WEST BENGAL (19),All ages,91276115,46809027,44467088,62183113,31844945,30338168,29093002,14964082,14128920
381,20,000,State - JHARKHAND (20),0-4,3648297,1871134,1777163,2956705,1509453,1447252,691592,361681,329911
383,20,000,State - JHARKHAND (20),10-14,4104396,2112627,1991769,3237192,1662046,1575146,867204,450581,416623
384,20,000,State - JHARKHAND (20),15-19,3205268,1714887,1490381,2359367,1268321,1091046,845901,446566,399335
385,20,000,State - JHARKHAND (20),20-24,2827622,1431263,1396359,2052259,1031084,1021175,775363,400179,375184
386,20,000,State - JHARKHAND (20),25-29,2652639,1342314,1310325,1942429,976894,965535,710210,365420,344790
744,20,000,State - JHARKHAND (20),30-49,7766660,3987928,3778732,5702433,2906370,2796063,2064227,1081558,982669
382,20,000,State - JHARKHAND (20),5-9,4138425,2117879,2020546,3332668,1695581,1637087,805757,422298,383459
745,20,000,State - JHARKHAND (20),50-69,3764294,1900703,1863591,2824196,1397830,1426366,940098,502873,437225
746,20,000,State - JHARKHAND (20),70+,763799,389328,374471,590860,298782,292078,172939,90546,82393
398,20,000,State - JHARKHAND (20),Age not stated,116734,62252,54482,56964,30125,26839,59770,32127,27643
380,20,000,State - JHARKHAND (20),All ages,32988134,16930315,16057819,25055073,12776486,12278587,7933061,4153829,3779232
400,21,000,State - ODISHA (21),0-4,3653029,1878127,1774902,3136169,1608566,1527603,516860,269561,247299
402,21,000,State - ODISHA (21),10-14,4348625,2203535,2145090,3705396,1872543,1832853,643229,330992,312237
403,21,000,State - ODISHA (21),15-19,3925398,1972684,1952714,3240171,1616989,1623182,685227,355695,329532
404,21,000,State - ODISHA (21),20-24,3783527,1870939,1912588,3078847,1513663,1565184,704680,357276,347404
405,21,000,State - ODISHA (21),25-29,3574037,1772876,1801161,2918990,1446384,1472606,655047,326492,328555
747,21,000,State - ODISHA (21),30-49,11179683,5671204,5508479,9109492,4598916,4510576,2070191,1072288,997903
401,21,000,State - ODISHA (21),5-9,4074768,2085339,1989429,3494942,1782516,1712426,579826,302823,277003
748,21,000,State - ODISHA (21),50-69,5785118,2927299,2857819,4872806,2435911,2436895,912312,491388,420924
749,21,000,State - ODISHA (21),70+,1530862,768786,762076,1318539,662245,656294,212323,106541,105782
417,21,000,State - ODISHA (21),Age not stated,119171,61347,57824,95210,48470,46740,23961,12877,11084
399,21,000,State - ODISHA (21),All ages,41974218,21212136,20762082,34970562,17586203,17384359,7003656,3625933,3377723
419,22,000,State - CHHATTISGARH (22),0-4,2541065,1286970,1254095,2027687,1022795,1004892,513378,264175,249203
421,22,000,State - CHHATTISGARH (22),10-14,2884013,1461185,1422828,2289627,1155074,1134553,594386,306111,288275
422,22,000,State - CHHATTISGARH (22),15-19,2599842,1319451,1280391,1998051,1009334,988717,601791,310117,291674
423,22,000,State - CHHATTISGARH (22),20-24,2389497,1193378,1196119,1773929,885162,888767,615568,308216,307352
424,22,000,State - CHHATTISGARH (22),25-29,2057300,1049238,1008062,1508182,770527,737655,549118,278711,270407
750,22,000,State - CHHATTISGARH (22),30-49,6505399,3278664,3226735,4846892,2426456,2420436,1658507,852208,806299
420,22,000,State - CHHATTISGARH (22),5-9,2758758,1404079,1354679,2206437,1117796,1088641,552321,286283,266038
751,22,000,State - CHHATTISGARH (22),50-69,3059852,1492956,1566896,2362345,1136287,1226058,697507,356669,340838
752,22,000,State - CHHATTISGARH (22),70+,726357,334867,391490,580824,266753,314071,145533,68114,77419
436,22,000,State - CHHATTISGARH (22),Age not stated,23115,12107,11008,13987,7242,6745,9128,4865,4263
418,22,000,State - CHHATTISGARH (22),All ages,25545198,12832895,12712303,19607961,9797426,9810535,5937237,3035469,2901768
438,23,000,State - MADHYA PRADESH (23),0-4,7471286,3874247,3597039,5763560,2982196,2781364,1707726,892051,815675
440,23,000,State - MADHYA PRADESH (23),10-14,8564501,4439329,4125172,6481035,3338101,3142934,2083466,1101228,982238
441,23,000,State - MADHYA PRADESH (23),15-19,7446789,3980072,3466717,5359720,2862347,2497373,2087069,1117725,969344
442,23,000,State - MADHYA PRADESH (23),20-24,6727579,3554088,3173491,4678759,2481628,2197131,2048820,1072460,976360
443,23,000,State - MADHYA PRADESH (23),25-29,5787506,2988325,2799181,3990858,2067454,1923404,1796648,920871,875777
753,23,000,State - MADHYA PRADESH (23),30-49,17814066,9176855,8637211,12409344,6380114,6029230,5404722,2796741,2607981
439,23,000,State - MADHYA PRADESH (23),5-9,8266455,4309693,3956762,6347575,3292243,3055332,1918880,1017450,901430
754,23,000,State - MADHYA PRADESH (23),50-69,8166920,4146233,4020687,5776192,2901637,2874555,2390728,1244596,1146132
755,23,000,State - MADHYA PRADESH (23),70+,2298845,1100088,1198757,1703051,818793,884258,595794,281295,314499
455,23,000,State - MADHYA PRADESH (23),Age not stated,82862,43376,39486,47310,24875,22435,35552,18501,17051
437,23,000,State - MADHYA PRADESH (23),All ages,72626809,37612306,35014503,52557404,27149388,25408016,20069405,10462918,9606487
457,24,000,State - GUJARAT (24),0-4,5460332,2871890,2588442,3400893,1768858,1632035,2059439,1103032,956407
459,24,000,State - GUJARAT (24),10-14,6149445,3283834,2865611,3787881,1989379,1798502,2361564,1294455,1067109
460,24,000,State - GUJARAT (24),15-19,5865760,3146110,2719650,3406534,1781574,1624960,2459226,1364536,1094690
461,24,000,State - GUJARAT (24),20-24,5780722,3046127,2734595,3129114,1613761,1515353,2651608,1432366,1219242
462,24,000,State - GUJARAT (24),25-29,5278822,2767283,2511539,2767541,1439403,1328138,2511281,1327880,1183401
756,24,000,State - GUJARAT (24),30-49,16291242,8431107,7860135,8927464,4575469,4351995,7363778,3855638,3508140
458,24,000,State - GUJARAT (24),5-9,5835836,3126401,2709435,3608635,1902056,1706579,2227201,1224345,1002856
757,24,000,State - GUJARAT (24),50-69,7649954,3848622,3801332,4396851,2160087,2236764,3253103,1688535,1564568
758,24,000,State - GUJARAT (24),70+,1888735,844340,1044395,1154014,509299,644715,734721,335041,399680
474,24,000,State - GUJARAT (24),Age not stated,238844,125546,113298,115682,59273,56409,123162,66273,56889
456,24,000,State - GUJARAT (24),All ages,60439692,31491260,28948432,34694609,17799159,16895450,25745083,13692101,12052982
476,25,000,State - DAMAN & DIU (25),0-4,19158,10020,9138,5174,2692,2482,13984,7328,6656
478,25,000,State - DAMAN & DIU (25),10-14,17321,9300,8021,6335,3302,3033,10986,5998,4988
479,25,000,State - DAMAN & DIU (25),15-19,26314,18239,8075,6655,3766,2889,19659,14473,5186
480,25,000,State - DAMAN & DIU (25),20-24,38584,27925,10659,7024,4117,2907,31560,23808,7752
481,25,000,State - DAMAN & DIU (25),25-29,33181,22044,11137,6125,3416,2709,27056,18628,8428
759,25,000,State - DAMAN & DIU (25),30-49,66800,41602,25198,16013,8825,7188,50787,32777,18010
477,25,000,State - DAMAN & DIU (25),5-9,18506,9828,8678,5767,2982,2785,12739,6846,5893
760,25,000,State - DAMAN & DIU (25),50-69,18727,9381,9346,5895,2753,3142,12832,6628,6204
761,25,000,State - DAMAN & DIU (25),70+,4300,1714,2586,1325,499,826,2975,1215,1760
493,25,000,State - DAMAN & DIU (25),Age not stated,356,248,108,83,43,40,273,205,68
475,25,000,State - DAMAN & DIU (25),All ages,243247,150301,92946,60396,32395,28001,182851,117906,64945
495,26,000,State - DADRA & NAGAR HAVELI (26),0-4,36561,18902,17659,20601,10410,10191,15960,8492,7468
497,26,000,State - DADRA & NAGAR HAVELI (26),10-14,35003,18385,16618,22352,11564,10788,12651,6821,5830
498,26,000,State - DADRA & NAGAR HAVELI (26),15-19,33104,19979,13125,19013,10775,8238,14091,9204,4887
499,26,000,State - DADRA & NAGAR HAVELI (26),20-24,44301,27595,16706,21932,13066,8866,22369,14529,7840
500,26,000,State - DADRA & NAGAR HAVELI (26),25-29,39885,23496,16389,17657,10255,7402,22228,13241,8987
762,26,000,State - DADRA & NAGAR HAVELI (26),30-49,87888,51044,36844,41722,22528,19194,46166,28516,17650
496,26,000,State - DADRA & NAGAR HAVELI (26),5-9,36249,19059,17190,21040,10794,10246,15209,8265,6944
763,26,000,State - DADRA & NAGAR HAVELI (26),50-69,26001,13290,12711,16016,7807,8209,9985,5483,4502
764,26,000,State - DADRA & NAGAR HAVELI (26),70+,4345,1810,2535,2561,993,1568,1784,817,967
512,26,000,State - DADRA & NAGAR HAVELI (26),Age not stated,372,200,172,220,113,107,152,87,65
494,26,000,State - DADRA & NAGAR HAVELI (26),All ages,343709,193760,149949,183114,98305,84809,160595,95455,65140
514,27,000,State - MAHARASHTRA (27),0-4,9362026,4939629,4422397,5417809,2868371,2549438,3944217,2071258,1872959
516,27,000,State - MAHARASHTRA (27),10-14,10734535,5662261,5072274,6256057,3288156,2967901,4478478,2374105,2104373
517,27,000,State - MAHARASHTRA (27),15-19,10627267,5710400,4916867,5979665,3209224,2770441,4647602,2501176,2146426
518,27,000,State - MAHARASHTRA (27),20-24,11090966,5845114,5245852,5764844,3018199,2746645,5326122,2826915,2499207
519,27,000,State - MAHARASHTRA (27),25-29,10147113,5272560,4874553,5025278,2589352,2435926,5121835,2683208,2438627
765,27,000,State - MAHARASHTRA (27),30-49,30272010,15606774,14665236,15549255,7862125,7687130,14722755,7744649,6978106
515,27,000,State - MAHARASHTRA (27),5-9,9820654,5178177,4642477,5650613,2971867,2678746,4170041,2206310,1963731
766,27,000,State - MAHARASHTRA (27),50-69,15525963,7711997,7813966,8901339,4274824,4626515,6624624,3437173,3187451
767,27,000,State - MAHARASHTRA (27),70+,4386103,2096832,2289271,2805285,1348193,1457092,1580818,748639,832179
531,27,000,State - MAHARASHTRA (27),Age not stated,407696,219312,188384,205929,108723,97206,201767,110589,91178
513,27,000,State - MAHARASHTRA (27),All ages,112374333,58243056,54131277,61556074,31539034,30017040,50818259,26704022,24114237
533,28,000,State - ANDHRA PRADESH (28),0-4,6284765,3235887,3048878,4212158,2165606,2046552,2072607,1070281,1002326
535,28,000,State - ANDHRA PRADESH (28),10-14,8201595,4208884,3992711,5565402,2859860,2705542,2636193,1349024,1287169
536,28,000,State - ANDHRA PRADESH (28),15-19,8093747,4196307,3897440,5334069,2799993,2534076,2759678,1396314,1363364
537,28,000,State - ANDHRA PRADESH (28),20-24,8132094,4055697,4076397,5263277,2682670,2580607,2868817,1373027,1495790
538,28,000,State - ANDHRA PRADESH (28),25-29,7799036,3809887,3989149,4995581,2453142,2542439,2803455,1356745,1446710
768,28,000,State - ANDHRA PRADESH (28),30-49,23148452,11667950,11480502,15088178,7540774,7547404,8060274,4127176,3933098
534,28,000,State - ANDHRA PRADESH (28),5-9,7304432,3760398,3544034,4976869,2559092,2417777,2327563,1201306,1126257
769,28,000,State - ANDHRA PRADESH (28),50-69,11934675,5733246,6201429,8383893,3948654,4435239,3550782,1784592,1766190
770,28,000,State - ANDHRA PRADESH (28),70+,2910550,1386204,1524346,2140837,1031836,1109001,769713,354368,415345
550,28,000,State - ANDHRA PRADESH (28),Age not stated,771431,387686,383745,401438,201614,199824,369993,186072,183921
532,28,000,State - ANDHRA PRADESH (28),All ages,84580777,42442146,42138631,56361702,28243241,28118461,28219075,14198905,14020170
552,29,000,State - KARNATAKA (29),0-4,5046719,2582024,2464695,3179495,1625896,1553599,1867224,956128,911096
554,29,000,State - KARNATAKA (29),10-14,5736646,2955287,2781359,3662475,1889725,1772750,2074171,1065562,1008609
555,29,000,State - KARNATAKA (29),15-19,5827277,3042048,2785229,3658264,1933809,1724455,2169013,1108239,1060774
556,29,000,State - KARNATAKA (29),20-24,6052558,3109586,2942972,3549425,1849584,1699841,2503133,1260002,1243131
557,29,000,State - KARNATAKA (29),25-29,5771606,2879254,2892352,3283508,1645487,1638021,2488098,1233767,1254331
771,29,000,State - KARNATAKA (29),30-49,16740325,8491283,8249042,9914738,4957281,4957457,6825587,3534002,3291585
553,29,000,State - KARNATAKA (29),5-9,5241509,2696670,2544839,3309619,1700617,1609002,1931890,996053,935837
772,29,000,State - KARNATAKA (29),50-69,8421945,4156340,4265605,5380650,2615007,2765643,3041295,1541333,1499962
773,29,000,State - KARNATAKA (29),70+,2210861,1028755,1182106,1505332,697995,807337,705529,330760,374769
569,29,000,State - KARNATAKA (29),Age not stated,45851,25410,20441,25829,13953,11876,20022,11457,8565
551,29,000,State - KARNATAKA (29),All ages,61095297,30966657,30128640,37469335,18929354,18539981,23625962,12037303,11588659
571,30,000,State - GOA (30),0-4,101203,52017,49186,37839,19432,18407,63364,32585,30779
573,30,000,State - GOA (30),10-14,110989,57417,53572,41666,21304,20362,69323,36113,33210
574,30,000,State - GOA (30),15-19,113875,60075,53800,42371,22000,20371,71504,38075,33429
575,30,000,State - GOA (30),20-24,130745,70616,60129,47290,24590,22700,83455,46026,37429
576,30,000,State - GOA (30),25-29,132626,67744,64882,49917,25250,24667,82709,42494,40215
774,30,000,State - GOA (30),30-49,455405,230383,225022,172639,86834,85805,282766,143549,139217
572,30,000,State - GOA (30),5-9,105968,54672,51296,39364,20165,19199,66604,34507,32097
775,30,000,State - GOA (30),50-69,244268,118908,125360,95126,45198,49928,149142,73710,75432
776,30,000,State - GOA (30),70+,61372,26210,35162,24601,10179,14422,36771,16031,20740
588,30,000,State - GOA (30),Age not stated,2094,1098,996,918,484,434,1176,614,562
570,30,000,State - GOA (30),All ages,1458545,739140,719405,551731,275436,276295,906814,463704,443110
590,31,000,State - LAKSHADWEEP (31),0-4,5052,2648,2404,1235,630,605,3817,2018,1799
592,31,000,State - LAKSHADWEEP (31),10-14,5998,2854,3144,1389,612,777,4609,2242,2367
593,31,000,State - LAKSHADWEEP (31),15-19,5624,2808,2816,1147,525,622,4477,2283,2194
594,31,000,State - LAKSHADWEEP (31),20-24,5829,3071,2758,1280,680,600,4549,2391,2158
595,31,000,State - LAKSHADWEEP (31),25-29,5967,3135,2832,1305,682,623,4662,2453,2209
777,31,000,State - LAKSHADWEEP (31),30-49,19244,9961,9283,4029,2115,1914,15215,7846,7369
591,31,000,State - LAKSHADWEEP (31),5-9,5407,2760,2647,1384,728,656,4023,2032,1991
778,31,000,State - LAKSHADWEEP (31),50-69,9414,4937,4477,1990,1068,922,7424,3869,3555
779,31,000,State - LAKSHADWEEP (31),70+,1823,875,948,355,183,172,1468,692,776
607,31,000,State - LAKSHADWEEP (31),Age not stated,115,74,41,27,20,7,88,54,34
589,31,000,State - LAKSHADWEEP (31),All ages,64473,33123,31350,14141,7243,6898,50332,25880,24452
609,32,000,State - KERALA (32),0-4,2453092,1247534,1205558,1286340,653809,632531,1166752,593725,573027
611,32,000,State - KERALA (32),10-14,2822770,1438917,1383853,1499338,762897,736441,1323432,676020,647412
612,32,000,State - KERALA (32),15-19,2610552,1328299,1282253,1365813,696204,669609,1244739,632095,612644
613,32,000,State - KERALA (32),20-24,2665809,1298826,1366983,1386061,680283,705778,1279748,618543,661205
614,32,000,State - KERALA (32),25-29,2604092,1203978,1400114,1369036,639039,729997,1235056,564939,670117
780,32,000,State - KERALA (32),30-49,9796202,4513058,5283144,5096909,2357969,2738940,4699293,2155089,2544204
610,32,000,State - KERALA (32),5-9,2555112,1303190,1251922,1348204,687077,661127,1206908,616113,590795
781,32,000,State - KERALA (32),50-69,6087358,2937086,3150272,3154757,1523691,1631066,2932601,1413395,1519206
782,32,000,State - KERALA (32),70+,1776588,739227,1037361,947340,398406,548934,829248,340821,488427
626,32,000,State - KERALA (32),Age not stated,34486,17297,17189,17337,8679,8658,17149,8618,8531
608,32,000,State - KERALA (32),All ages,33406061,16027412,17378649,17471135,8408054,9063081,15934926,7619358,8315568
628,33,000,State - TAMIL NADU (33),0-4,5278701,2714578,2564123,2781879,1436619,1345260,2496822,1277959,1218863
630,33,000,State - TAMIL NADU (33),10-14,6177547,3188990,2988557,3325160,1726166,1598994,2852387,1462824,1389563
631,33,000,State - TAMIL NADU (33),15-19,6253792,3229838,3023954,3373098,1765233,1607865,2880694,1464605,1416089
632,33,000,State - TAMIL NADU (33),20-24,6411543,3154804,3256739,3315234,1658770,1656464,3096309,1496034,1600275
633,33,000,State - TAMIL NADU (33),25-29,6663746,3237374,3426372,3360498,1652498,1708000,3303248,1584876,1718372
783,33,000,State - TAMIL NADU (33),30-49,21429281,10648715,10780566,10599054,5226834,5372220,10830227,5421881,5408346
629,33,000,State - TAMIL NADU (33),5-9,5551255,2851293,2699962,2968536,1528954,1439582,2582719,1322339,1260380
784,33,000,State - TAMIL NADU (33),50-69,11455580,5690938,5764642,5948176,2908646,3039530,5507404,2782292,2725112
785,33,000,State - TAMIL NADU (33),70+,2858780,1386775,1472005,1522074,756725,765349,1336706,630050,706656
645,33,000,State - TAMIL NADU (33),Age not stated,66805,34670,32135,35881,18620,17261,30924,16050,14874
627,33,000,State - TAMIL NADU (33),All ages,72147030,36137975,36009055,37229590,18679065,18550525,34917440,17458910,17458530
647,34,000,State - PUDUCHERRY (34),0-4,93949,47703,46246,31526,16110,15416,62423,31593,30830
649,34,000,State - PUDUCHERRY (34),10-14,105726,53936,51790,35351,17972,17379,70375,35964,34411
650,34,000,State - PUDUCHERRY (34),15-19,102316,52231,50085,34019,17394,16625,68297,34837,33460
651,34,000,State - PUDUCHERRY (34),20-24,108819,51287,57532,36272,17155,19117,72547,34132,38415
652,34,000,State - PUDUCHERRY (34),25-29,118244,55052,63192,38840,18442,20398,79404,36610,42794
786,34,000,State - PUDUCHERRY (34),30-49,387613,192523,195090,117105,58638,58467,270508,133885,136623
648,34,000,State - PUDUCHERRY (34),5-9,98717,50327,48390,32968,16810,16158,65749,33517,32232
787,34,000,State - PUDUCHERRY (34),50-69,182843,88125,94718,54067,25672,28395,128776,62453,66323
788,34,000,State - PUDUCHERRY (34),70+,48625,20767,27858,14554,6456,8098,34071,14311,19760
664,34,000,State - PUDUCHERRY (34),Age not stated,1101,560,541,498,258,240,603,302,301
646,34,000,State - PUDUCHERRY (34),All ages,1247953,612511,635442,395200,194907,200293,852753,417604,435149
666,35,000,State - ANDAMAN & NICOBAR ISLANDS (35),0-4,28754,14641,14113,18675,9469,9206,10079,5172,4907
668,35,000,State - ANDAMAN & NICOBAR ISLANDS (35),10-14,33467,17118,16349,21226,10731,10495,12241,6387,5854
669,35,000,State - ANDAMAN & NICOBAR ISLANDS (35),15-19,33026,17266,15760,20369,10644,9725,12657,6622,6035
670,35,000,State - ANDAMAN & NICOBAR ISLANDS (35),20-24,37115,19528,17587,22540,11654,10886,14575,7874,6701
671,35,000,State - ANDAMAN & NICOBAR ISLANDS (35),25-29,41722,22230,19492,25558,13675,11883,16164,8555,7609
789,35,000,State - ANDAMAN & NICOBAR ISLANDS (35),30-49,119161,64612,54549,72004,39281,32723,47157,25331,21826
667,35,000,State - ANDAMAN & NICOBAR ISLANDS (35),5-9,30454,15512,14942,19265,9849,9416,11189,5663,5526
790,35,000,State - ANDAMAN & NICOBAR ISLANDS (35),50-69,47692,26817,20875,30908,17252,13656,16784,9565,7219
791,35,000,State - ANDAMAN & NICOBAR ISLANDS (35),70+,8822,4952,3870,6368,3631,2737,2454,1321,1133
683,35,000,State - ANDAMAN & NICOBAR ISLANDS (35),Age not stated,368,195,173,180,101,79,188,94,94
665,35,000,State - ANDAMAN & NICOBAR ISLANDS (35),All ages,380581,202871,177710,237093,126287,110806,143488,76584,66904
